Options(Standardize=True, initial_k=1, p_parameter=0.01, h_threshold=1, dm_case=1, s_parameter=0.15, dm_threshold=3, update_s_parameter=True, return_full_dm=False, return_full_history=False, iteration_threshold=1000000.0, kmeans_random_state=None, distance_method=1, kmeans_method=2)
18,30,10,0,0,0,ElectricalFaultClassification,1,79.62007880210876,0.0034525394439697266,1.8772549629211426,0.18424396442185514,0.17280813214739518
18,30,10,1,0,1,ElectricalFaultClassification,1,80.76040077209473,0.0016384124755859375,2.0253429412841797,0.17557251908396945,0.18575063613231552
18,30,10,2,0,2,ElectricalFaultClassification,1,75.85091924667358,0.0016083717346191406,1.9090850353240967,0.17302798982188294,0.17557251908396945
18,30,10,3,0,3,ElectricalFaultClassification,1,78.57915306091309,0.001745462417602539,1.8652660846710205,0.17302798982188294,0.16157760814249364
18,30,10,4,0,4,ElectricalFaultClassification,1,69.32151246070862,0.0021772384643554688,1.9312865734100342,0.18575063613231552,0.17048346055979643
18,30,10,5,0,5,ElectricalFaultClassification,1,19.859270334243774,0.0022933483123779297,1.4862008094787598,0.20229007633587787,0.17557251908396945
18,30,10,6,0,6,ElectricalFaultClassification,1,67.00946712493896,0.0016214847564697266,1.9725823402404785,0.1692111959287532,0.15776081424936386
18,30,10,7,0,7,ElectricalFaultClassification,1,68.46133995056152,0.0015294551849365234,1.807981252670288,0.17557251908396945,0.16539440203562342
18,30,10,8,0,8,ElectricalFaultClassification,1,26.382585048675537,0.0017685890197753906,1.514237880706787,0.17557251908396945,0.16030534351145037
18,30,10,9,0,9,ElectricalFaultClassification,1,89.28278255462646,0.0015721321105957031,2.0423808097839355,0.16666666666666666,0.16793893129770993
18,30,10,10,1,0,ElectricalFaultClassification,1,93.53685522079468,0.0015761852264404297,1.9728882312774658,0.17407878017789072,0.17534942820838628
18,30,10,11,1,1,ElectricalFaultClassification,1,100.20630502700806,0.0015764236450195312,2.1145431995391846,0.1743002544529262,0.178117048346056
18,30,10,12,1,2,ElectricalFaultClassification,1,84.71024060249329,0.0016143321990966797,1.933030605316162,0.17302798982188294,0.1717557251908397
18,30,10,13,1,3,ElectricalFaultClassification,1,83.09686136245728,0.00157928466796875,1.939502477645874,0.1806615776081425,0.16666666666666666
18,30,10,14,1,4,ElectricalFaultClassification,1,75.45640635490417,0.0016269683837890625,1.921025276184082,0.17302798982188294,0.1692111959287532
18,30,10,15,1,5,ElectricalFaultClassification,1,146.267254114151,0.0025343894958496094,2.285845994949341,0.1717557251908397,0.1743002544529262
18,30,10,16,1,6,ElectricalFaultClassification,1,66.60628485679626,0.0015909671783447266,1.9735054969787598,0.17557251908396945,0.17048346055979643
18,30,10,17,1,7,ElectricalFaultClassification,1,77.51309418678284,0.0016193389892578125,2.0552210807800293,0.18193384223918574,0.17048346055979643
18,30,10,18,1,8,ElectricalFaultClassification,1,163.89132595062256,0.0018298625946044922,2.398454427719116,0.16539440203562342,0.1717557251908397
18,30,10,19,1,9,ElectricalFaultClassification,1,147.5112817287445,0.002073049545288086,2.214665174484253,0.1946564885496183,0.1692111959287532
18,30,10,20,2,0,ElectricalFaultClassification,1,124.68699216842651,0.0027015209197998047,2.092283010482788,0.17789072426937738,0.1855146124523507
18,30,10,21,2,1,ElectricalFaultClassification,1,70.20081043243408,0.00164031982421875,1.9233546257019043,0.16666666666666666,0.15776081424936386
18,30,10,22,2,2,ElectricalFaultClassification,1,112.80150628089905,0.0018696784973144531,2.1507132053375244,0.1895674300254453,0.1946564885496183
18,30,10,23,2,3,ElectricalFaultClassification,1,83.81772708892822,0.0015790462493896484,2.0203757286071777,0.18447837150127228,0.17938931297709923
18,30,10,24,2,4,ElectricalFaultClassification,1,26.898157358169556,0.0014424324035644531,1.510329246520996,0.18575063613231552,0.1743002544529262
18,30,10,25,2,5,ElectricalFaultClassification,1,60.92828702926636,0.001744985580444336,1.7742855548858643,0.1806615776081425,0.17938931297709923
18,30,10,26,2,6,ElectricalFaultClassification,1,81.82080554962158,0.0015568733215332031,1.8568341732025146,0.17684478371501272,0.1692111959287532
18,30,10,27,2,7,ElectricalFaultClassification,1,90.08805823326111,0.0016484260559082031,1.9639394283294678,0.17302798982188294,0.16666666666666666
18,30,10,28,2,8,ElectricalFaultClassification,1,178.38284397125244,0.0018236637115478516,2.264815330505371,0.1921119592875318,0.19083969465648856
18,30,10,29,2,9,ElectricalFaultClassification,1,92.05608320236206,0.002287149429321289,2.1747567653656006,0.18193384223918574,0.16412213740458015
18,30,10,30,3,0,ElectricalFaultClassification,1,92.37865447998047,0.002363920211791992,2.087307929992676,0.17662007623888182,0.16518424396442186
18,30,10,31,3,1,ElectricalFaultClassification,1,92.56751871109009,0.0016055107116699219,2.175098419189453,0.18702290076335878,0.17938931297709923
18,30,10,32,3,2,ElectricalFaultClassification,1,110.78726267814636,0.0019080638885498047,2.141829252243042,0.17557251908396945,0.15521628498727735
18,30,10,33,3,3,ElectricalFaultClassification,1,76.08086252212524,0.001730203628540039,1.8948187828063965,0.18447837150127228,0.15267175572519084
18,30,10,34,3,4,ElectricalFaultClassification,1,65.11893939971924,0.002502918243408203,1.8469600677490234,0.19338422391857507,0.17557251908396945
18,30,10,35,3,5,ElectricalFaultClassification,1,83.9292345046997,0.0015773773193359375,2.111966848373413,0.17557251908396945,0.17302798982188294
18,30,10,36,3,6,ElectricalFaultClassification,1,74.72229433059692,0.0015926361083984375,1.8666019439697266,0.16666666666666666,0.16412213740458015
18,30,10,37,3,7,ElectricalFaultClassification,1,69.6704535484314,0.0015742778778076172,1.9312546253204346,0.1743002544529262,0.17048346055979643
18,30,10,38,3,8,ElectricalFaultClassification,1,25.75113558769226,0.0013470649719238281,1.5079574584960938,0.178117048346056,0.16793893129770993
18,30,10,39,3,9,ElectricalFaultClassification,1,79.06452536582947,0.0016276836395263672,1.9652810096740723,0.17557251908396945,0.18193384223918574
18,30,10,40,4,0,ElectricalFaultClassification,1,88.1958646774292,0.0016171932220458984,1.9604673385620117,0.1855146124523507,0.18678526048284624
18,30,10,41,4,1,ElectricalFaultClassification,1,73.99978518486023,0.002446889877319336,1.9799392223358154,0.1717557251908397,0.17302798982188294
18,30,10,42,4,2,ElectricalFaultClassification,1,66.20361113548279,0.0015218257904052734,1.8471086025238037,0.18447837150127228,0.17684478371501272
18,30,10,43,4,3,ElectricalFaultClassification,1,74.59024024009705,0.0015773773193359375,2.048032760620117,0.17684478371501272,0.1717557251908397
18,30,10,44,4,4,ElectricalFaultClassification,1,71.45510864257812,0.0015909671783447266,1.9714691638946533,0.17684478371501272,0.178117048346056
18,30,10,45,4,5,ElectricalFaultClassification,1,69.93594241142273,0.0015425682067871094,1.8719544410705566,0.17938931297709923,0.17048346055979643
18,30,10,46,4,6,ElectricalFaultClassification,1,71.69483804702759,0.0015370845794677734,1.8771889209747314,0.17302798982188294,0.16793893129770993
18,30,10,47,4,7,ElectricalFaultClassification,1,92.82925701141357,0.002290010452270508,2.239561080932617,0.19338422391857507,0.1806615776081425
18,30,10,48,4,8,ElectricalFaultClassification,1,74.54756546020508,0.002122640609741211,1.9055039882659912,0.1717557251908397,0.1628498727735369
18,30,10,49,4,9,ElectricalFaultClassification,1,66.78553700447083,0.001520395278930664,1.9621429443359375,0.16539440203562342,0.15903307888040713
18,30,10,50,5,0,ElectricalFaultClassification,1,80.18720889091492,0.0015451908111572266,2.0973994731903076,0.16518424396442186,0.16899618805590852
18,30,10,51,5,1,ElectricalFaultClassification,1,89.36664295196533,0.0015327930450439453,2.150028944015503,0.178117048346056,0.16539440203562342
18,30,10,52,5,2,ElectricalFaultClassification,1,170.1493203639984,0.0025207996368408203,2.2676453590393066,0.1946564885496183,0.1984732824427481
18,30,10,53,5,3,ElectricalFaultClassification,1,104.26273822784424,0.0016715526580810547,2.053269147872925,0.18447837150127228,0.1743002544529262
18,30,10,54,5,4,ElectricalFaultClassification,1,93.47208189964294,0.0024890899658203125,1.9741199016571045,0.20610687022900764,0.17048346055979643
18,30,10,55,5,5,ElectricalFaultClassification,1,73.4524552822113,0.0016636848449707031,1.971055030822754,0.1717557251908397,0.1717557251908397
18,30,10,56,5,6,ElectricalFaultClassification,1,78.46227502822876,0.0018227100372314453,1.8991889953613281,0.16793893129770993,0.16157760814249364
18,30,10,57,5,7,ElectricalFaultClassification,1,26.525256156921387,0.0013077259063720703,1.5393283367156982,0.18702290076335878,0.16666666666666666
18,30,10,58,5,8,ElectricalFaultClassification,1,154.38084316253662,0.0017194747924804688,2.45021653175354,0.1921119592875318,0.17938931297709923
18,30,10,59,5,9,ElectricalFaultClassification,1,82.33811926841736,0.00157928466796875,1.90993332862854,0.19592875318066158,0.17938931297709923
18,30,10,60,6,0,ElectricalFaultClassification,1,391.8988642692566,0.0020377635955810547,2.6785826683044434,0.19822109275730623,0.20076238881829733
18,30,10,61,6,1,ElectricalFaultClassification,1,77.50113010406494,0.001501321792602539,2.0664448738098145,0.1717557251908397,0.15394402035623408
18,30,10,62,6,2,ElectricalFaultClassification,1,87.33347296714783,0.0020296573638916016,1.9839601516723633,0.15903307888040713,0.16412213740458015
18,30,10,63,6,3,ElectricalFaultClassification,1,82.8081865310669,0.001981973648071289,1.8621740341186523,0.16666666666666666,0.17302798982188294
18,30,10,64,6,4,ElectricalFaultClassification,1,86.60407066345215,0.001626729965209961,2.0316247940063477,0.17302798982188294,0.17302798982188294
18,30,10,65,6,5,ElectricalFaultClassification,1,82.38109016418457,0.0016436576843261719,2.101933002471924,0.17302798982188294,0.1743002544529262
18,30,10,66,6,6,ElectricalFaultClassification,1,81.8567705154419,0.002343893051147461,2.0480432510375977,0.17684478371501272,0.1692111959287532
18,30,10,67,6,7,ElectricalFaultClassification,1,64.45895886421204,0.001552581787109375,1.7744977474212646,0.18702290076335878,0.17938931297709923
18,30,10,68,6,8,ElectricalFaultClassification,1,33.85241770744324,0.001280069351196289,1.7368409633636475,0.17938931297709923,0.14885496183206107
18,30,10,69,6,9,ElectricalFaultClassification,1,87.73850703239441,0.0031290054321289062,1.9867494106292725,0.1717557251908397,0.1692111959287532
18,30,10,70,7,0,ElectricalFaultClassification,1,75.19323515892029,0.00152587890625,1.8019163608551025,0.18043202033036848,0.16518424396442186
18,30,10,71,7,1,ElectricalFaultClassification,1,64.4596335887909,0.0016200542449951172,2.0031559467315674,0.18193384223918574,0.16030534351145037
18,30,10,72,7,2,ElectricalFaultClassification,1,31.63387942314148,0.0013451576232910156,1.614504098892212,0.1806615776081425,0.1717557251908397
18,30,10,73,7,3,ElectricalFaultClassification,1,88.35701298713684,0.0015521049499511719,1.97898530960083,0.17302798982188294,0.178117048346056
18,30,10,74,7,4,ElectricalFaultClassification,1,84.32999992370605,0.0029501914978027344,1.991178274154663,0.178117048346056,0.1743002544529262
18,30,10,75,7,5,ElectricalFaultClassification,1,91.16286754608154,0.0015177726745605469,1.8663489818572998,0.17048346055979643,0.16157760814249364
18,30,10,76,7,6,ElectricalFaultClassification,1,85.07708978652954,0.0014560222625732422,1.8943510055541992,0.1921119592875318,0.17302798982188294
18,30,10,77,7,7,ElectricalFaultClassification,1,109.29324841499329,0.0020728111267089844,2.1117427349090576,0.183206106870229,0.183206106870229
18,30,10,78,7,8,ElectricalFaultClassification,1,98.24354958534241,0.0016772747039794922,2.0813798904418945,0.17684478371501272,0.17557251908396945
18,30,10,79,7,9,ElectricalFaultClassification,1,77.41747069358826,0.0016360282897949219,2.028498888015747,0.16412213740458015,0.16539440203562342
18,30,10,80,8,0,ElectricalFaultClassification,1,59.44274139404297,0.0015478134155273438,1.8329083919525146,0.16518424396442186,0.16010165184243966
18,30,10,81,8,1,ElectricalFaultClassification,1,181.1931450366974,0.002309083938598633,2.313274383544922,0.19338422391857507,0.18575063613231552
18,30,10,82,8,2,ElectricalFaultClassification,1,101.84423232078552,0.0019333362579345703,1.9660561084747314,0.18575063613231552,0.18447837150127228
18,30,10,83,8,3,ElectricalFaultClassification,1,84.77799224853516,0.0015881061553955078,2.003755807876587,0.1692111959287532,0.1628498727735369
18,30,10,84,8,4,ElectricalFaultClassification,1,76.98228287696838,0.0015594959259033203,2.076467275619507,0.1717557251908397,0.1692111959287532
18,30,10,85,8,5,ElectricalFaultClassification,1,70.09441804885864,0.002935171127319336,1.7969105243682861,0.18447837150127228,0.15903307888040713
18,30,10,86,8,6,ElectricalFaultClassification,1,76.19016480445862,0.0015091896057128906,1.92476224899292,0.18193384223918574,0.16793893129770993
18,30,10,87,8,7,ElectricalFaultClassification,1,85.13467526435852,0.00157928466796875,1.9842886924743652,0.17302798982188294,0.1717557251908397
18,30,10,88,8,8,ElectricalFaultClassification,1,69.69719123840332,0.0016126632690429688,1.9659249782562256,0.18575063613231552,0.1743002544529262
18,30,10,89,8,9,ElectricalFaultClassification,1,66.50946807861328,0.0015201568603515625,1.9155268669128418,0.18575063613231552,0.178117048346056
18,30,10,90,9,0,ElectricalFaultClassification,1,26.795135259628296,0.0013134479522705078,1.532799482345581,0.17789072426937738,0.16264294790343076
18,30,10,91,9,1,ElectricalFaultClassification,1,76.36416435241699,0.0015368461608886719,2.048689365386963,0.18575063613231552,0.16157760814249364
18,30,10,92,9,2,ElectricalFaultClassification,1,75.57539439201355,0.0022809505462646484,1.9839732646942139,0.16793893129770993,0.15267175572519084
18,30,10,93,9,3,ElectricalFaultClassification,1,26.03262162208557,0.00185394287109375,1.4531095027923584,0.18447837150127228,0.1692111959287532
18,30,10,94,9,4,ElectricalFaultClassification,1,78.82518029212952,0.0016329288482666016,1.8224308490753174,0.18575063613231552,0.178117048346056
18,30,10,95,9,5,ElectricalFaultClassification,1,84.4408802986145,0.0016186237335205078,2.067431688308716,0.17048346055979643,0.17557251908396945
18,30,10,96,9,6,ElectricalFaultClassification,1,70.08092617988586,0.0015361309051513672,1.923323154449463,0.17557251908396945,0.1743002544529262
18,30,10,97,9,7,ElectricalFaultClassification,1,79.96575784683228,0.001569509506225586,1.987579107284546,0.178117048346056,0.17938931297709923
18,30,10,98,9,8,ElectricalFaultClassification,1,82.47767686843872,0.0015845298767089844,1.9978764057159424,0.1717557251908397,0.16539440203562342
18,30,10,99,9,9,ElectricalFaultClassification,1,74.88948273658752,0.0024449825286865234,2.111137628555298,0.18447837150127228,0.17557251908396945
18,30,10,100,10,0,ElectricalFaultClassification,1,79.55900001525879,0.0015895366668701172,1.7870593070983887,0.17916137229987295,0.17026683608640406
18,30,10,101,10,1,ElectricalFaultClassification,1,66.69142270088196,0.0015723705291748047,1.8844962120056152,0.1717557251908397,0.1743002544529262
18,30,10,102,10,2,ElectricalFaultClassification,1,73.71050667762756,0.0016586780548095703,1.886059284210205,0.16793893129770993,0.16539440203562342
18,30,10,103,10,3,ElectricalFaultClassification,1,84.08516645431519,0.0019655227661132812,2.0107367038726807,0.19974554707379136,0.15776081424936386
18,30,10,104,10,4,ElectricalFaultClassification,1,58.97096610069275,0.0015070438385009766,1.8329613208770752,0.17557251908396945,0.15776081424936386
18,30,10,105,10,5,ElectricalFaultClassification,1,74.52192997932434,0.0016036033630371094,1.9698472023010254,0.17302798982188294,0.17557251908396945
18,30,10,106,10,6,ElectricalFaultClassification,1,74.88185715675354,0.0015513896942138672,1.940553903579712,0.1921119592875318,0.1743002544529262
18,30,10,107,10,7,ElectricalFaultClassification,1,63.39260005950928,0.0015211105346679688,1.808332920074463,0.1628498727735369,0.1628498727735369
18,30,10,108,10,8,ElectricalFaultClassification,1,96.03807520866394,0.0014688968658447266,2.065840244293213,0.178117048346056,0.1743002544529262
18,30,10,109,10,9,ElectricalFaultClassification,1,74.61098027229309,0.0017507076263427734,2.0293989181518555,0.1806615776081425,0.16030534351145037
18,30,10,110,11,0,ElectricalFaultClassification,1,81.58870196342468,0.0016312599182128906,2.013585329055786,0.17789072426937738,0.1588310038119441
18,30,10,111,11,1,ElectricalFaultClassification,1,78.14724206924438,0.0015616416931152344,1.9481885433197021,0.18575063613231552,0.16412213740458015
18,30,10,112,11,2,ElectricalFaultClassification,1,88.12800312042236,0.0015032291412353516,2.1189217567443848,0.19083969465648856,0.17302798982188294
18,30,10,113,11,3,ElectricalFaultClassification,1,117.49068856239319,0.0016739368438720703,2.1701431274414062,0.1806615776081425,0.17557251908396945
18,30,10,114,11,4,ElectricalFaultClassification,1,71.64552307128906,0.001453399658203125,1.9393692016601562,0.16157760814249364,0.1475826972010178
18,30,10,115,11,5,ElectricalFaultClassification,1,74.27210688591003,0.0015282630920410156,1.9018604755401611,0.18447837150127228,0.16793893129770993
18,30,10,116,11,6,ElectricalFaultClassification,1,92.0501811504364,0.0016622543334960938,1.9667105674743652,0.18193384223918574,0.18193384223918574
18,30,10,117,11,7,ElectricalFaultClassification,1,75.69521260261536,0.0016117095947265625,1.9457409381866455,0.18193384223918574,0.18447837150127228
18,30,10,118,11,8,ElectricalFaultClassification,1,93.43396949768066,0.0017282962799072266,2.0793850421905518,0.19592875318066158,0.18702290076335878
18,30,10,119,11,9,ElectricalFaultClassification,1,171.88985300064087,0.0016887187957763672,2.1162662506103516,0.18575063613231552,0.16793893129770993
18,30,10,120,12,0,ElectricalFaultClassification,1,63.15667414665222,0.0014591217041015625,1.942734956741333,0.18043202033036848,0.17662007623888182
18,30,10,121,12,1,ElectricalFaultClassification,1,92.42490696907043,0.0016400814056396484,2.253587007522583,0.17302798982188294,0.16793893129770993
18,30,10,122,12,2,ElectricalFaultClassification,1,83.98613619804382,0.0018236637115478516,1.8845627307891846,0.17938931297709923,0.17938931297709923
18,30,10,123,12,3,ElectricalFaultClassification,1,105.44051575660706,0.0016412734985351562,2.2105984687805176,0.17684478371501272,0.17938931297709923
18,30,10,124,12,4,ElectricalFaultClassification,1,27.293895721435547,0.0013782978057861328,1.5335180759429932,0.1743002544529262,0.1692111959287532
18,30,10,125,12,5,ElectricalFaultClassification,1,80.82419919967651,0.0016326904296875,2.064131259918213,0.183206106870229,0.17557251908396945
18,30,10,126,12,6,ElectricalFaultClassification,1,67.45562648773193,0.0023343563079833984,1.8738110065460205,0.178117048346056,0.178117048346056
18,30,10,127,12,7,ElectricalFaultClassification,1,30.43280577659607,0.002122640609741211,1.6085216999053955,0.1717557251908397,0.15521628498727735
18,30,10,128,12,8,ElectricalFaultClassification,1,70.47657322883606,0.0015463829040527344,1.8373253345489502,0.18447837150127228,0.17048346055979643
18,30,10,129,12,9,ElectricalFaultClassification,1,69.25400590896606,0.0015420913696289062,1.7776179313659668,0.17684478371501272,0.17557251908396945
18,30,10,130,13,0,ElectricalFaultClassification,1,103.82672238349915,0.0016317367553710938,2.0313591957092285,0.18043202033036848,0.17789072426937738
18,30,10,131,13,1,ElectricalFaultClassification,1,64.54821825027466,0.0022954940795898438,1.888357162475586,0.17684478371501272,0.16666666666666666
18,30,10,132,13,2,ElectricalFaultClassification,1,76.7351713180542,0.002116680145263672,1.9926347732543945,0.19083969465648856,0.19592875318066158
18,30,10,133,13,3,ElectricalFaultClassification,1,160.53773283958435,0.0027647018432617188,2.3434031009674072,0.18829516539440203,0.1984732824427481
18,30,10,134,13,4,ElectricalFaultClassification,1,29.075207710266113,0.0014317035675048828,1.6214721202850342,0.1895674300254453,0.1743002544529262
18,30,10,135,13,5,ElectricalFaultClassification,1,67.71164655685425,0.0029802322387695312,1.9898240566253662,0.178117048346056,0.15521628498727735
18,30,10,136,13,6,ElectricalFaultClassification,1,70.03642892837524,0.0015616416931152344,1.867403507232666,0.17302798982188294,0.1628498727735369
18,30,10,137,13,7,ElectricalFaultClassification,1,82.34751629829407,0.0016298294067382812,1.997812271118164,0.17938931297709923,0.17048346055979643
18,30,10,138,13,8,ElectricalFaultClassification,1,75.59073829650879,0.0015194416046142578,1.9508578777313232,0.16539440203562342,0.16793893129770993
18,30,10,139,13,9,ElectricalFaultClassification,1,113.49943566322327,0.0018002986907958984,2.13999342918396,0.18193384223918574,0.15648854961832062
18,30,10,140,14,0,ElectricalFaultClassification,1,62.59771275520325,0.0014750957489013672,1.8059842586517334,0.17662007623888182,0.15247776365946633
18,30,10,141,14,1,ElectricalFaultClassification,1,65.54568886756897,0.0023059844970703125,1.790468454360962,0.17302798982188294,0.16539440203562342
18,30,10,142,14,2,ElectricalFaultClassification,1,87.32184982299805,0.0019032955169677734,2.0273566246032715,0.17048346055979643,0.16412213740458015
18,30,10,143,14,3,ElectricalFaultClassification,1,82.22838473320007,0.0016052722930908203,1.9561631679534912,0.183206106870229,0.17302798982188294
18,30,10,144,14,4,ElectricalFaultClassification,1,73.30475378036499,0.0014352798461914062,1.9514179229736328,0.178117048346056,0.16030534351145037
18,30,10,145,14,5,ElectricalFaultClassification,1,104.7689790725708,0.0015630722045898438,2.035604476928711,0.18702290076335878,0.16793893129770993
18,30,10,146,14,6,ElectricalFaultClassification,1,93.69167637825012,0.002209901809692383,2.0088484287261963,0.17557251908396945,0.1717557251908397
18,30,10,147,14,7,ElectricalFaultClassification,1,72.08177733421326,0.0014693737030029297,1.9030027389526367,0.1743002544529262,0.15648854961832062
18,30,10,148,14,8,ElectricalFaultClassification,1,80.50582575798035,0.0016002655029296875,1.9696128368377686,0.16666666666666666,0.1692111959287532
18,30,10,149,14,9,ElectricalFaultClassification,1,87.48229098320007,0.0015985965728759766,1.9742677211761475,0.1806615776081425,0.1692111959287532
18,30,10,150,15,0,ElectricalFaultClassification,1,72.90857172012329,0.0016062259674072266,2.0248162746429443,0.18170266836086404,0.17153748411689962
18,30,10,151,15,1,ElectricalFaultClassification,1,82.13011598587036,0.0015840530395507812,1.930999517440796,0.19083969465648856,0.17938931297709923
18,30,10,152,15,2,ElectricalFaultClassification,1,132.71240186691284,0.002522706985473633,2.302816152572632,0.18829516539440203,0.18702290076335878
18,30,10,153,15,3,ElectricalFaultClassification,1,83.65621280670166,0.0016300678253173828,1.9807755947113037,0.1743002544529262,0.17557251908396945
18,30,10,154,15,4,ElectricalFaultClassification,1,84.75296640396118,0.002165555953979492,1.8792462348937988,0.17048346055979643,0.15521628498727735
18,30,10,155,15,5,ElectricalFaultClassification,1,84.93997764587402,0.002112150192260742,2.0324602127075195,0.18702290076335878,0.15267175572519084
18,30,10,156,15,6,ElectricalFaultClassification,1,95.18098068237305,0.0014815330505371094,2.058910369873047,0.183206106870229,0.1717557251908397
18,30,10,157,15,7,ElectricalFaultClassification,1,74.5525221824646,0.0016312599182128906,1.9466969966888428,0.1743002544529262,0.1692111959287532
18,30,10,158,15,8,ElectricalFaultClassification,1,26.00586748123169,0.0022749900817871094,1.612419843673706,0.16157760814249364,0.15139949109414758
18,30,10,159,15,9,ElectricalFaultClassification,1,78.03774547576904,0.0024657249450683594,1.9590184688568115,0.18702290076335878,0.1806615776081425
18,30,10,160,16,0,ElectricalFaultClassification,1,71.34683156013489,0.0014789104461669922,1.8907442092895508,0.18297331639135958,0.17153748411689962
18,30,10,161,16,1,ElectricalFaultClassification,1,88.68998408317566,0.0015463829040527344,1.8754477500915527,0.16412213740458015,0.16793893129770993
18,30,10,162,16,2,ElectricalFaultClassification,1,80.37576603889465,0.0018341541290283203,1.8887572288513184,0.1921119592875318,0.16157760814249364
18,30,10,163,16,3,ElectricalFaultClassification,1,69.68248391151428,0.0016260147094726562,1.9105336666107178,0.1743002544529262,0.16793893129770993
18,30,10,164,16,4,ElectricalFaultClassification,1,77.76141858100891,0.0016071796417236328,1.9982118606567383,0.178117048346056,0.17048346055979643
18,30,10,165,16,5,ElectricalFaultClassification,1,174.69970774650574,0.0025806427001953125,2.2618181705474854,0.1984732824427481,0.17557251908396945
18,30,10,166,16,6,ElectricalFaultClassification,1,142.51894116401672,0.0016522407531738281,2.1946496963500977,0.17684478371501272,0.18447837150127228
18,30,10,167,16,7,ElectricalFaultClassification,1,86.42885422706604,0.001985311508178711,1.9282126426696777,0.18447837150127228,0.1692111959287532
18,30,10,168,16,8,ElectricalFaultClassification,1,86.95998549461365,0.002285480499267578,2.074544906616211,0.1806615776081425,0.1628498727735369
18,30,10,169,16,9,ElectricalFaultClassification,1,99.08347678184509,0.0019004344940185547,2.1311540603637695,0.183206106870229,0.17684478371501272
18,30,10,170,17,0,ElectricalFaultClassification,1,107.8908040523529,0.0015687942504882812,2.0284080505371094,0.17026683608640406,0.17153748411689962
18,30,10,171,17,1,ElectricalFaultClassification,1,82.96138548851013,0.0016155242919921875,2.0438294410705566,0.18193384223918574,0.1743002544529262
18,30,10,172,17,2,ElectricalFaultClassification,1,88.81847977638245,0.0015969276428222656,2.040271043777466,0.17938931297709923,0.1806615776081425
18,30,10,173,17,3,ElectricalFaultClassification,1,86.3835756778717,0.001683950424194336,1.8685088157653809,0.1692111959287532,0.15267175572519084
18,30,10,174,17,4,ElectricalFaultClassification,1,116.35840201377869,0.0017001628875732422,2.1845569610595703,0.17938931297709923,0.178117048346056
18,30,10,175,17,5,ElectricalFaultClassification,1,72.26001048088074,0.0014824867248535156,1.9692041873931885,0.1717557251908397,0.1628498727735369
18,30,10,176,17,6,ElectricalFaultClassification,1,83.75033402442932,0.0024573802947998047,1.9601037502288818,0.1717557251908397,0.16793893129770993
18,30,10,177,17,7,ElectricalFaultClassification,1,68.59278988838196,0.001428842544555664,1.934849739074707,0.17302798982188294,0.16030534351145037
18,30,10,178,17,8,ElectricalFaultClassification,1,73.55602073669434,0.0015571117401123047,1.842285394668579,0.16539440203562342,0.1628498727735369
18,30,10,179,17,9,ElectricalFaultClassification,1,133.58936285972595,0.0017092227935791016,2.222043752670288,0.1806615776081425,0.1692111959287532
18,30,10,180,18,0,ElectricalFaultClassification,1,63.01627850532532,0.001474142074584961,1.8174314498901367,0.15756035578144853,0.15374841168996187
18,30,10,181,18,1,ElectricalFaultClassification,1,100.92661786079407,0.002300262451171875,2.1945250034332275,0.1946564885496183,0.16539440203562342
18,30,10,182,18,2,ElectricalFaultClassification,1,80.57393288612366,0.0016090869903564453,1.987523078918457,0.19083969465648856,0.1743002544529262
18,30,10,183,18,3,ElectricalFaultClassification,1,68.66540551185608,0.0015583038330078125,1.8864107131958008,0.178117048346056,0.1628498727735369
18,30,10,184,18,4,ElectricalFaultClassification,1,74.63236784934998,0.001607656478881836,1.9510390758514404,0.18447837150127228,0.18193384223918574
18,30,10,185,18,5,ElectricalFaultClassification,1,117.99425077438354,0.0022737979888916016,2.2512617111206055,0.18829516539440203,0.18193384223918574
18,30,10,186,18,6,ElectricalFaultClassification,1,89.40540027618408,0.00159454345703125,2.1374151706695557,0.1806615776081425,0.17938931297709923
18,30,10,187,18,7,ElectricalFaultClassification,1,86.35886693000793,0.002288818359375,1.8810224533081055,0.17684478371501272,0.15776081424936386
18,30,10,188,18,8,ElectricalFaultClassification,1,56.72648620605469,0.0015091896057128906,1.8449113368988037,0.17557251908396945,0.16030534351145037
18,30,10,189,18,9,ElectricalFaultClassification,1,83.24065828323364,0.0015883445739746094,2.0089762210845947,0.18575063613231552,0.178117048346056
18,30,10,190,19,0,ElectricalFaultClassification,1,79.7980089187622,0.0026481151580810547,1.9940476417541504,0.16010165184243966,0.16264294790343076
18,30,10,191,19,1,ElectricalFaultClassification,1,79.2059953212738,0.0016715526580810547,2.241847515106201,0.178117048346056,0.178117048346056
18,30,10,192,19,2,ElectricalFaultClassification,1,85.95020866394043,0.0016129016876220703,2.038529396057129,0.18447837150127228,0.17302798982188294
18,30,10,193,19,3,ElectricalFaultClassification,1,59.980571269989014,0.0015401840209960938,1.811600685119629,0.1743002544529262,0.15776081424936386
18,30,10,194,19,4,ElectricalFaultClassification,1,72.99401521682739,0.0015268325805664062,1.8735363483428955,0.16539440203562342,0.15521628498727735
18,30,10,195,19,5,ElectricalFaultClassification,1,101.16439533233643,0.0017056465148925781,2.1673638820648193,0.183206106870229,0.16666666666666666
18,30,10,196,19,6,ElectricalFaultClassification,1,23.532464265823364,0.0013918876647949219,1.5602831840515137,0.183206106870229,0.17557251908396945
18,30,10,197,19,7,ElectricalFaultClassification,1,90.39187455177307,0.0024874210357666016,2.115185499191284,0.18193384223918574,0.183206106870229
18,30,10,198,19,8,ElectricalFaultClassification,1,73.24970030784607,0.0015764236450195312,1.9510419368743896,0.19592875318066158,0.18702290076335878
18,30,10,199,19,9,ElectricalFaultClassification,1,79.6370038986206,0.0014727115631103516,1.9727461338043213,0.1717557251908397,0.178117048346056
18,30,10,200,20,0,ElectricalFaultClassification,1,84.28219389915466,0.0016109943389892578,1.9504520893096924,0.17534942820838628,0.17026683608640406
18,30,10,201,20,1,ElectricalFaultClassification,1,58.1178457736969,0.001539468765258789,1.915210485458374,0.18447837150127228,0.1743002544529262
18,30,10,202,20,2,ElectricalFaultClassification,1,84.40000486373901,0.0016279220581054688,1.998213529586792,0.17684478371501272,0.1717557251908397
18,30,10,203,20,3,ElectricalFaultClassification,1,94.79636454582214,0.001605987548828125,2.174128770828247,0.19083969465648856,0.18193384223918574
18,30,10,204,20,4,ElectricalFaultClassification,1,76.40841603279114,0.002180337905883789,1.9088785648345947,0.1806615776081425,0.1717557251908397
18,30,10,205,20,5,ElectricalFaultClassification,1,59.0584819316864,0.0022172927856445312,1.784426212310791,0.1921119592875318,0.1628498727735369
18,30,10,206,20,6,ElectricalFaultClassification,1,70.6419005393982,0.0016469955444335938,1.9857964515686035,0.1806615776081425,0.1717557251908397
18,30,10,207,20,7,ElectricalFaultClassification,1,71.24190711975098,0.001604318618774414,1.9143149852752686,0.18575063613231552,0.1717557251908397
18,30,10,208,20,8,ElectricalFaultClassification,1,73.49996280670166,0.001661539077758789,1.9694709777832031,0.178117048346056,0.1743002544529262
18,30,10,209,20,9,ElectricalFaultClassification,1,27.81177520751953,0.0013499259948730469,1.6387152671813965,0.178117048346056,0.16157760814249364
18,30,10,210,21,0,ElectricalFaultClassification,1,72.47689294815063,0.001615285873413086,2.0429091453552246,0.16645489199491742,0.16645489199491742
18,30,10,211,21,1,ElectricalFaultClassification,1,79.53932905197144,0.0015959739685058594,1.886183738708496,0.18702290076335878,0.16157760814249364
18,30,10,212,21,2,ElectricalFaultClassification,1,75.85331630706787,0.00150299072265625,2.026670455932617,0.1806615776081425,0.17557251908396945
18,30,10,213,21,3,ElectricalFaultClassification,1,84.02710294723511,0.0019609928131103516,2.032470464706421,0.1692111959287532,0.15648854961832062
18,30,10,214,21,4,ElectricalFaultClassification,1,83.39360880851746,0.0017905235290527344,1.9487476348876953,0.1984732824427481,0.15648854961832062
18,30,10,215,21,5,ElectricalFaultClassification,1,69.96515703201294,0.0014660358428955078,2.0212936401367188,0.17048346055979643,0.16793893129770993
18,30,10,216,21,6,ElectricalFaultClassification,1,69.92556810379028,0.001569986343383789,1.7574396133422852,0.16030534351145037,0.15776081424936386
18,30,10,217,21,7,ElectricalFaultClassification,1,24.88514995574951,0.0012669563293457031,1.5725805759429932,0.19338422391857507,0.1628498727735369
18,30,10,218,21,8,ElectricalFaultClassification,1,92.41163420677185,0.0020294189453125,2.061237096786499,0.1895674300254453,0.1921119592875318
18,30,10,219,21,9,ElectricalFaultClassification,1,90.49985766410828,0.0016131401062011719,2.0544590950012207,0.17684478371501272,0.17684478371501272
18,30,10,220,22,0,ElectricalFaultClassification,1,89.41916084289551,0.001537322998046875,2.0364038944244385,0.17916137229987295,0.17280813214739518
18,30,10,221,22,1,ElectricalFaultClassification,1,101.04988098144531,0.0017952919006347656,2.153179168701172,0.17557251908396945,0.17684478371501272
18,30,10,222,22,2,ElectricalFaultClassification,1,80.17261266708374,0.0015919208526611328,1.9590938091278076,0.16412213740458015,0.16157760814249364
18,30,10,223,22,3,ElectricalFaultClassification,1,81.39290976524353,0.0023632049560546875,2.005695343017578,0.19592875318066158,0.178117048346056
18,30,10,224,22,4,ElectricalFaultClassification,1,62.35723686218262,0.0017130374908447266,1.7704684734344482,0.19338422391857507,0.1895674300254453
18,30,10,225,22,5,ElectricalFaultClassification,1,74.32496237754822,0.0025866031646728516,1.9450392723083496,0.183206106870229,0.17557251908396945
18,30,10,226,22,6,ElectricalFaultClassification,1,93.51578974723816,0.0016760826110839844,2.0043585300445557,0.183206106870229,0.1806615776081425
18,30,10,227,22,7,ElectricalFaultClassification,1,30.649252891540527,0.0014598369598388672,1.6990654468536377,0.18702290076335878,0.18193384223918574
18,30,10,228,22,8,ElectricalFaultClassification,1,76.46670150756836,0.001592874526977539,2.0078723430633545,0.1743002544529262,0.16157760814249364
18,30,10,229,22,9,ElectricalFaultClassification,1,76.01830863952637,0.001589059829711914,2.0095269680023193,0.16666666666666666,0.17048346055979643
18,30,10,230,23,0,ElectricalFaultClassification,1,97.96243286132812,0.002477407455444336,2.0619702339172363,0.17662007623888182,0.17153748411689962
18,30,10,231,23,1,ElectricalFaultClassification,1,70.532630443573,0.0015957355499267578,1.9106285572052002,0.17557251908396945,0.1743002544529262
18,30,10,232,23,2,ElectricalFaultClassification,1,102.08136010169983,0.0016324520111083984,2.133219003677368,0.17557251908396945,0.183206106870229
18,30,10,233,23,3,ElectricalFaultClassification,1,160.6060917377472,0.0017142295837402344,2.170191526412964,0.17684478371501272,0.17938931297709923
18,30,10,234,23,4,ElectricalFaultClassification,1,80.52956414222717,0.0016183853149414062,1.937833309173584,0.17302798982188294,0.178117048346056
18,30,10,235,23,5,ElectricalFaultClassification,1,63.43176865577698,0.0014922618865966797,1.8099677562713623,0.1743002544529262,0.1692111959287532
18,30,10,236,23,6,ElectricalFaultClassification,1,60.38425922393799,0.0014805793762207031,1.8204576969146729,0.16666666666666666,0.15139949109414758
18,30,10,237,23,7,ElectricalFaultClassification,1,65.68944430351257,0.0020432472229003906,1.8727173805236816,0.17684478371501272,0.17048346055979643
18,30,10,238,23,8,ElectricalFaultClassification,1,79.99945878982544,0.0016467571258544922,2.0490167140960693,0.17557251908396945,0.178117048346056
18,30,10,239,23,9,ElectricalFaultClassification,1,86.7924370765686,0.0016269683837890625,2.0695130825042725,0.16157760814249364,0.16412213740458015
18,30,10,240,24,0,ElectricalFaultClassification,1,28.014209508895874,0.0012662410736083984,1.5198688507080078,0.17407878017789072,0.1588310038119441
18,30,10,241,24,1,ElectricalFaultClassification,1,77.2623507976532,0.0017547607421875,1.9927549362182617,0.1806615776081425,0.18575063613231552
18,30,10,242,24,2,ElectricalFaultClassification,1,81.3506691455841,0.001575469970703125,1.9732389450073242,0.17557251908396945,0.1717557251908397
18,30,10,243,24,3,ElectricalFaultClassification,1,95.42359280586243,0.002657175064086914,2.05318284034729,0.18193384223918574,0.17938931297709923
18,30,10,244,24,4,ElectricalFaultClassification,1,115.83867621421814,0.00170135498046875,2.247807264328003,0.1717557251908397,0.16793893129770993
18,30,10,245,24,5,ElectricalFaultClassification,1,118.77995920181274,0.0017197132110595703,2.1428134441375732,0.1806615776081425,0.16412213740458015
18,30,10,246,24,6,ElectricalFaultClassification,1,65.88288164138794,0.0014238357543945312,1.8048930168151855,0.178117048346056,0.16666666666666666
18,30,10,247,24,7,ElectricalFaultClassification,1,74.81225514411926,0.0019903182983398438,1.9869625568389893,0.1717557251908397,0.16539440203562342
18,30,10,248,24,8,ElectricalFaultClassification,1,73.14137029647827,0.0015213489532470703,1.938643455505371,0.17684478371501272,0.16793893129770993
18,30,10,249,24,9,ElectricalFaultClassification,1,66.7591392993927,0.0017423629760742188,1.831075668334961,0.15267175572519084,0.15267175572519084
18,30,10,250,25,0,ElectricalFaultClassification,1,85.76488137245178,0.0016033649444580078,2.043242931365967,0.17916137229987295,0.17662007623888182
18,30,10,251,25,1,ElectricalFaultClassification,1,78.30044841766357,0.0020630359649658203,2.0108225345611572,0.18193384223918574,0.16157760814249364
18,30,10,252,25,2,ElectricalFaultClassification,1,69.4766914844513,0.0015113353729248047,1.8629028797149658,0.17938931297709923,0.15776081424936386
18,30,10,253,25,3,ElectricalFaultClassification,1,170.97899627685547,0.0017137527465820312,2.2739334106445312,0.16793893129770993,0.178117048346056
18,30,10,254,25,4,ElectricalFaultClassification,1,87.03976082801819,0.0015592575073242188,1.999549388885498,0.17557251908396945,0.16539440203562342
18,30,10,255,25,5,ElectricalFaultClassification,1,66.11218619346619,0.0014986991882324219,1.7770185470581055,0.17684478371501272,0.1717557251908397
18,30,10,256,25,6,ElectricalFaultClassification,1,76.71471691131592,0.0016636848449707031,1.9620397090911865,0.17684478371501272,0.17302798982188294
18,30,10,257,25,7,ElectricalFaultClassification,1,105.0688259601593,0.0021834373474121094,2.066692352294922,0.17557251908396945,0.1692111959287532
18,30,10,258,25,8,ElectricalFaultClassification,1,75.83394360542297,0.0015652179718017578,2.0689759254455566,0.18829516539440203,0.1806615776081425
18,30,10,259,25,9,ElectricalFaultClassification,1,36.01951360702515,0.002280712127685547,1.6461350917816162,0.18193384223918574,0.16030534351145037
18,30,10,260,26,0,ElectricalFaultClassification,1,74.2584593296051,0.0015833377838134766,1.9654428958892822,0.1855146124523507,0.18297331639135958
18,30,10,261,26,1,ElectricalFaultClassification,1,62.485487937927246,0.0027065277099609375,1.7972161769866943,0.18193384223918574,0.18193384223918574
18,30,10,262,26,2,ElectricalFaultClassification,1,64.77345037460327,0.0016396045684814453,1.90464186668396,0.18575063613231552,0.1806615776081425
18,30,10,263,26,3,ElectricalFaultClassification,1,72.24733662605286,0.0015625953674316406,1.8649563789367676,0.18193384223918574,0.16412213740458015
18,30,10,264,26,4,ElectricalFaultClassification,1,27.60421395301819,0.0013909339904785156,1.6102910041809082,0.18193384223918574,0.17048346055979643
18,30,10,265,26,5,ElectricalFaultClassification,1,82.99527072906494,0.0015501976013183594,1.9709899425506592,0.1717557251908397,0.16157760814249364
18,30,10,266,26,6,ElectricalFaultClassification,1,23.71240997314453,0.0013103485107421875,1.6081147193908691,0.16539440203562342,0.16412213740458015
18,30,10,267,26,7,ElectricalFaultClassification,1,30.498135328292847,0.002263307571411133,1.6154253482818604,0.17048346055979643,0.15139949109414758
18,30,10,268,26,8,ElectricalFaultClassification,1,75.8839545249939,0.0015385150909423828,2.0447866916656494,0.1921119592875318,0.19083969465648856
18,30,10,269,26,9,ElectricalFaultClassification,1,65.6549916267395,0.0016570091247558594,1.7679612636566162,0.18575063613231552,0.17938931297709923
18,30,10,270,27,0,ElectricalFaultClassification,1,99.53654026985168,0.0023393630981445312,2.031534433364868,0.17916137229987295,0.16772554002541296
18,30,10,271,27,1,ElectricalFaultClassification,1,69.77866458892822,0.0015287399291992188,2.026506185531616,0.16030534351145037,0.16666666666666666
18,30,10,272,27,2,ElectricalFaultClassification,1,88.28908181190491,0.0015368461608886719,2.003988742828369,0.178117048346056,0.16539440203562342
18,30,10,273,27,3,ElectricalFaultClassification,1,71.5591721534729,0.0014095306396484375,1.99019193649292,0.17938931297709923,0.16412213740458015
18,30,10,274,27,4,ElectricalFaultClassification,1,79.74406838417053,0.0015721321105957031,2.1011226177215576,0.16793893129770993,0.16030534351145037
18,30,10,275,27,5,ElectricalFaultClassification,1,117.74154877662659,0.0025634765625,2.0942630767822266,0.18447837150127228,0.18575063613231552
18,30,10,276,27,6,ElectricalFaultClassification,1,71.78462529182434,0.0021066665649414062,1.8583130836486816,0.16030534351145037,0.15394402035623408
18,30,10,277,27,7,ElectricalFaultClassification,1,75.74820566177368,0.001607656478881836,1.8783280849456787,0.1895674300254453,0.178117048346056
18,30,10,278,27,8,ElectricalFaultClassification,1,104.29881882667542,0.0014510154724121094,2.0611495971679688,0.18447837150127228,0.16666666666666666
18,30,10,279,27,9,ElectricalFaultClassification,1,73.90522789955139,0.0022361278533935547,1.8964838981628418,0.178117048346056,0.16157760814249364
18,30,10,280,28,0,ElectricalFaultClassification,1,66.40408396720886,0.002137422561645508,1.8684477806091309,0.17153748411689962,0.16264294790343076
18,30,10,281,28,1,ElectricalFaultClassification,1,79.32459115982056,0.0023565292358398438,2.0368118286132812,0.17048346055979643,0.15394402035623408
18,30,10,282,28,2,ElectricalFaultClassification,1,156.28695559501648,0.0017037391662597656,2.114342451095581,0.16666666666666666,0.17302798982188294
18,30,10,283,28,3,ElectricalFaultClassification,1,67.80460596084595,0.0014781951904296875,1.9314305782318115,0.178117048346056,0.1692111959287532
18,30,10,284,28,4,ElectricalFaultClassification,1,76.28610491752625,0.0016007423400878906,1.9149997234344482,0.17048346055979643,0.16412213740458015
18,30,10,285,28,5,ElectricalFaultClassification,1,90.5303122997284,0.0015912055969238281,1.9512431621551514,0.183206106870229,0.17048346055979643
18,30,10,286,28,6,ElectricalFaultClassification,1,87.4562509059906,0.0015819072723388672,2.1771316528320312,0.1806615776081425,0.178117048346056
18,30,10,287,28,7,ElectricalFaultClassification,1,75.49404335021973,0.0015575885772705078,1.9451570510864258,0.183206106870229,0.17684478371501272
18,30,10,288,28,8,ElectricalFaultClassification,1,63.55261445045471,0.0029892921447753906,1.8524327278137207,0.17048346055979643,0.15267175572519084
18,30,10,289,28,9,ElectricalFaultClassification,1,76.55308842658997,0.001604318618774414,1.952432632446289,0.17302798982188294,0.178117048346056
18,30,10,290,29,0,ElectricalFaultClassification,1,83.70565152168274,0.0016164779663085938,2.0499424934387207,0.17916137229987295,0.17534942820838628
18,30,10,291,29,1,ElectricalFaultClassification,1,77.87768793106079,0.0016198158264160156,1.9868249893188477,0.1806615776081425,0.17684478371501272
18,30,10,292,29,2,ElectricalFaultClassification,1,97.7640643119812,0.0015213489532470703,2.0317251682281494,0.19592875318066158,0.1717557251908397
18,30,10,293,29,3,ElectricalFaultClassification,1,70.58204174041748,0.0015058517456054688,1.921710729598999,0.18193384223918574,0.17684478371501272
18,30,10,294,29,4,ElectricalFaultClassification,1,77.18943071365356,0.0032036304473876953,1.8994808197021484,0.17684478371501272,0.1475826972010178
18,30,10,295,29,5,ElectricalFaultClassification,1,144.80645155906677,0.0016906261444091797,2.1635520458221436,0.1895674300254453,0.17557251908396945
18,30,10,296,29,6,ElectricalFaultClassification,1,64.84316802024841,0.0014681816101074219,1.8673067092895508,0.17048346055979643,0.17048346055979643
18,30,10,297,29,7,ElectricalFaultClassification,1,66.75485372543335,0.0015532970428466797,1.858893871307373,0.18193384223918574,0.18193384223918574
18,30,10,298,29,8,ElectricalFaultClassification,1,73.41445183753967,0.002370595932006836,1.847062110900879,0.17684478371501272,0.178117048346056
18,30,10,299,29,9,ElectricalFaultClassification,1,133.41291213035583,0.0017032623291015625,2.1675260066986084,0.18702290076335878,0.18702290076335878
