Options(Standardize=True, initial_k=1, p_parameter=0.01, h_threshold=1, dm_case=1, s_parameter=0.15, dm_threshold=3, update_s_parameter=True, return_full_dm=False, return_full_history=False, iteration_threshold=1000000.0, kmeans_random_state=None, distance_method=1, kmeans_method=2)
15,30,10,0,0,0,ElectricalFaultDetection,1,3.276779890060425,0.0014805793762207031,0.3507404327392578,0.014154870940882597,0.018318068276436304
15,30,10,1,0,1,ElectricalFaultDetection,1,3.576159954071045,0.0011868476867675781,0.38202857971191406,0.005,0.004166666666666667
15,30,10,2,0,2,ElectricalFaultDetection,1,3.198896646499634,0.0012080669403076172,0.3785855770111084,0.005,0.0033333333333333335
15,30,10,3,0,3,ElectricalFaultDetection,1,3.4292635917663574,0.0021924972534179688,0.37117457389831543,0.005833333333333334,0.0033333333333333335
15,30,10,4,0,4,ElectricalFaultDetection,1,3.2027745246887207,0.0012295246124267578,0.3620481491088867,0.004166666666666667,0.005
15,30,10,5,0,5,ElectricalFaultDetection,1,3.0947930812835693,0.0016405582427978516,0.37060046195983887,0.005,0.0016666666666666668
15,30,10,6,0,6,ElectricalFaultDetection,1,3.835134267807007,0.001216888427734375,0.4213845729827881,0.006666666666666667,0.006666666666666667
15,30,10,7,0,7,ElectricalFaultDetection,1,3.1290650367736816,0.0012471675872802734,0.3487846851348877,0.004166666666666667,0.01
15,30,10,8,0,8,ElectricalFaultDetection,1,3.327505111694336,0.001224517822265625,0.43100547790527344,0.0075,0.01
15,30,10,9,0,9,ElectricalFaultDetection,1,2.8447628021240234,0.001180887222290039,0.35985732078552246,0.008333333333333333,0.005
15,30,10,10,1,0,ElectricalFaultDetection,1,2.523231267929077,0.001176595687866211,0.33452916145324707,0.005828476269775187,0.002497918401332223
15,30,10,11,1,1,ElectricalFaultDetection,1,3.1997005939483643,0.0011682510375976562,0.3744974136352539,0.011666666666666667,0.005
15,30,10,12,1,2,ElectricalFaultDetection,1,3.2815632820129395,0.0011110305786132812,0.3780355453491211,0.005,0.004166666666666667
15,30,10,13,1,3,ElectricalFaultDetection,1,3.685837984085083,0.001165628433227539,0.4115908145904541,0.0125,0.005
15,30,10,14,1,4,ElectricalFaultDetection,1,3.486786127090454,0.0016841888427734375,0.3784310817718506,0.008333333333333333,0.006666666666666667
15,30,10,15,1,5,ElectricalFaultDetection,1,3.4673216342926025,0.001150369644165039,0.39017415046691895,0.004166666666666667,0.005
15,30,10,16,1,6,ElectricalFaultDetection,1,2.577519416809082,0.0011584758758544922,0.31624484062194824,0.006666666666666667,0.008333333333333333
15,30,10,17,1,7,ElectricalFaultDetection,1,2.748878002166748,0.0011572837829589844,0.31430768966674805,0.006666666666666667,0.009166666666666667
15,30,10,18,1,8,ElectricalFaultDetection,1,2.9875881671905518,0.0011751651763916016,0.3394768238067627,0.004166666666666667,0.0075
15,30,10,19,1,9,ElectricalFaultDetection,1,3.0187997817993164,0.0012199878692626953,0.3487427234649658,0.010833333333333334,0.004166666666666667
15,30,10,20,2,0,ElectricalFaultDetection,1,3.009953737258911,0.0011553764343261719,0.34410572052001953,0.009159034138218152,0.006661115736885929
15,30,10,21,2,1,ElectricalFaultDetection,1,3.2281148433685303,0.0011985301971435547,0.3618505001068115,0.006666666666666667,0.005833333333333334
15,30,10,22,2,2,ElectricalFaultDetection,1,2.9493653774261475,0.0011379718780517578,0.3430211544036865,0.008333333333333333,0.0033333333333333335
15,30,10,23,2,3,ElectricalFaultDetection,1,2.645909309387207,0.0011730194091796875,0.3136434555053711,0.009166666666666667,0.0033333333333333335
15,30,10,24,2,4,ElectricalFaultDetection,1,3.5306692123413086,0.0011675357818603516,0.39064860343933105,0.004166666666666667,0.004166666666666667
15,30,10,25,2,5,ElectricalFaultDetection,1,3.204716682434082,0.001256704330444336,0.399625301361084,0.008333333333333333,0.0025
15,30,10,26,2,6,ElectricalFaultDetection,1,3.280165433883667,0.0012378692626953125,0.3639400005340576,0.005833333333333334,0.005833333333333334
15,30,10,27,2,7,ElectricalFaultDetection,1,2.723226308822632,0.0011744499206542969,0.34813499450683594,0.0025,0.0075
15,30,10,28,2,8,ElectricalFaultDetection,1,2.382272720336914,0.001188039779663086,0.2784745693206787,0.005,0.005
15,30,10,29,2,9,ElectricalFaultDetection,1,3.3219563961029053,0.0011985301971435547,0.39408302307128906,0.005833333333333334,0.0075
15,30,10,30,3,0,ElectricalFaultDetection,1,3.2209012508392334,0.001186370849609375,0.4125373363494873,0.004995836802664446,0.010824313072439634
15,30,10,31,3,1,ElectricalFaultDetection,1,3.6514644622802734,0.0012660026550292969,0.40006470680236816,0.0025,0.008333333333333333
15,30,10,32,3,2,ElectricalFaultDetection,1,3.0572383403778076,0.0011894702911376953,0.3402867317199707,0.010833333333333334,0.004166666666666667
15,30,10,33,3,3,ElectricalFaultDetection,1,3.280231475830078,0.0011415481567382812,0.3775148391723633,0.016666666666666666,0.005
15,30,10,34,3,4,ElectricalFaultDetection,1,3.274566411972046,0.0011887550354003906,0.37433433532714844,0.0033333333333333335,0.0075
15,30,10,35,3,5,ElectricalFaultDetection,1,3.1478402614593506,0.0012111663818359375,0.35805583000183105,0.005833333333333334,0.005833333333333334
15,30,10,36,3,6,ElectricalFaultDetection,1,3.8969132900238037,0.0011816024780273438,0.41472721099853516,0.006666666666666667,0.006666666666666667
15,30,10,37,3,7,ElectricalFaultDetection,1,3.069859027862549,0.0011768341064453125,0.3433105945587158,0.008333333333333333,0.0075
15,30,10,38,3,8,ElectricalFaultDetection,1,3.678204298019409,0.0012118816375732422,0.4285004138946533,0.009166666666666667,0.005833333333333334
15,30,10,39,3,9,ElectricalFaultDetection,1,3.209890127182007,0.0012440681457519531,0.3670527935028076,0.006666666666666667,0.011666666666666667
15,30,10,40,4,0,ElectricalFaultDetection,1,2.250056266784668,0.0012028217315673828,0.26560449600219727,0.00832639467110741,0.004995836802664446
15,30,10,41,4,1,ElectricalFaultDetection,1,2.9511332511901855,0.0011470317840576172,0.34775471687316895,0.006666666666666667,0.006666666666666667
15,30,10,42,4,2,ElectricalFaultDetection,1,3.0066537857055664,0.0011534690856933594,0.3539884090423584,0.006666666666666667,0.0033333333333333335
15,30,10,43,4,3,ElectricalFaultDetection,1,2.852949619293213,0.0010912418365478516,0.3333122730255127,0.005833333333333334,0.0025
15,30,10,44,4,4,ElectricalFaultDetection,1,3.09110426902771,0.0011975765228271484,0.34377264976501465,0.004166666666666667,0.004166666666666667
15,30,10,45,4,5,ElectricalFaultDetection,1,3.2079970836639404,0.0011315345764160156,0.3587934970855713,0.018333333333333333,0.016666666666666666
15,30,10,46,4,6,ElectricalFaultDetection,1,3.1262216567993164,0.0012204647064208984,0.36719679832458496,0.008333333333333333,0.005
15,30,10,47,4,7,ElectricalFaultDetection,1,3.5206761360168457,0.0011324882507324219,0.41243672370910645,0.0125,0.0075
15,30,10,48,4,8,ElectricalFaultDetection,1,3.150078535079956,0.0011377334594726562,0.36014366149902344,0.013333333333333334,0.008333333333333333
15,30,10,49,4,9,ElectricalFaultDetection,1,3.857105016708374,0.0011868476867675781,0.41134190559387207,0.005833333333333334,0.006666666666666667
15,30,10,50,5,0,ElectricalFaultDetection,1,2.3426520824432373,0.0011720657348632812,0.295945405960083,0.010824313072439634,0.009159034138218152
15,30,10,51,5,1,ElectricalFaultDetection,1,3.2425715923309326,0.0011942386627197266,0.38983702659606934,0.004166666666666667,0.004166666666666667
15,30,10,52,5,2,ElectricalFaultDetection,1,2.8687684535980225,0.0012171268463134766,0.3320908546447754,0.015,0.0075
15,30,10,53,5,3,ElectricalFaultDetection,1,3.1810176372528076,0.0011472702026367188,0.3736398220062256,0.0025,0.005
15,30,10,54,5,4,ElectricalFaultDetection,1,3.187817335128784,0.0012242794036865234,0.3876934051513672,0.0075,0.008333333333333333
15,30,10,55,5,5,ElectricalFaultDetection,1,3.3836026191711426,0.0011875629425048828,0.37369346618652344,0.0008333333333333334,0.0033333333333333335
15,30,10,56,5,6,ElectricalFaultDetection,1,3.332204818725586,0.0011777877807617188,0.37938690185546875,0.011666666666666667,0.0075
15,30,10,57,5,7,ElectricalFaultDetection,1,2.945409059524536,0.001214742660522461,0.3228414058685303,0.0075,0.005
15,30,10,58,5,8,ElectricalFaultDetection,1,3.6039674282073975,0.0012128353118896484,0.42134714126586914,0.0075,0.005833333333333334
15,30,10,59,5,9,ElectricalFaultDetection,1,3.582637071609497,0.0011925697326660156,0.3895578384399414,0.015,0.005833333333333334
15,30,10,60,6,0,ElectricalFaultDetection,1,3.1791670322418213,0.0011301040649414062,0.361527681350708,0.006661115736885929,0.005828476269775187
15,30,10,61,6,1,ElectricalFaultDetection,1,3.219874858856201,0.0011785030364990234,0.33974480628967285,0.0033333333333333335,0.004166666666666667
15,30,10,62,6,2,ElectricalFaultDetection,1,3.473254680633545,0.0012297630310058594,0.38299131393432617,0.006666666666666667,0.008333333333333333
15,30,10,63,6,3,ElectricalFaultDetection,1,3.570469856262207,0.0011820793151855469,0.3852553367614746,0.006666666666666667,0.005
15,30,10,64,6,4,ElectricalFaultDetection,1,3.8277735710144043,0.0011858940124511719,0.440173864364624,0.011666666666666667,0.009166666666666667
15,30,10,65,6,5,ElectricalFaultDetection,1,3.326524257659912,0.0010941028594970703,0.34494709968566895,0.0125,0.015833333333333335
15,30,10,66,6,6,ElectricalFaultDetection,1,3.5068349838256836,0.0012295246124267578,0.40217041969299316,0.0075,0.0033333333333333335
15,30,10,67,6,7,ElectricalFaultDetection,1,3.518014669418335,0.0014495849609375,0.3945748805999756,0.011666666666666667,0.011666666666666667
15,30,10,68,6,8,ElectricalFaultDetection,1,3.3042075634002686,0.0012359619140625,0.3633570671081543,0.005,0.0075
15,30,10,69,6,9,ElectricalFaultDetection,1,3.2977921962738037,0.0012497901916503906,0.3876361846923828,0.006666666666666667,0.006666666666666667
15,30,10,70,7,0,ElectricalFaultDetection,1,2.595660448074341,0.0011484622955322266,0.3153674602508545,0.005828476269775187,0.004163197335553705
15,30,10,71,7,1,ElectricalFaultDetection,1,3.3221335411071777,0.0011653900146484375,0.36440324783325195,0.013333333333333334,0.005
15,30,10,72,7,2,ElectricalFaultDetection,1,3.4025931358337402,0.0011959075927734375,0.3657715320587158,0.01,0.005833333333333334
15,30,10,73,7,3,ElectricalFaultDetection,1,3.037494421005249,0.001191854476928711,0.3754110336303711,0.005833333333333334,0.0025
15,30,10,74,7,4,ElectricalFaultDetection,1,2.8641905784606934,0.0012042522430419922,0.3093700408935547,0.005833333333333334,0.006666666666666667
15,30,10,75,7,5,ElectricalFaultDetection,1,3.1766884326934814,0.001161813735961914,0.3882284164428711,0.005,0.005
15,30,10,76,7,6,ElectricalFaultDetection,1,3.500194549560547,0.0012295246124267578,0.376741886138916,0.01,0.006666666666666667
15,30,10,77,7,7,ElectricalFaultDetection,1,3.7586889266967773,0.0012252330780029297,0.43161749839782715,0.004166666666666667,0.0075
15,30,10,78,7,8,ElectricalFaultDetection,1,3.4151017665863037,0.0012459754943847656,0.3797774314880371,0.004166666666666667,0.006666666666666667
15,30,10,79,7,9,ElectricalFaultDetection,1,3.770744562149048,0.0012934207916259766,0.43148374557495117,0.008333333333333333,0.009166666666666667
15,30,10,80,8,0,ElectricalFaultDetection,1,3.349468231201172,0.0011796951293945312,0.3844177722930908,0.012489592006661115,0.011656952539550375
15,30,10,81,8,1,ElectricalFaultDetection,1,3.537095546722412,0.0012183189392089844,0.4134516716003418,0.0075,0.005833333333333334
15,30,10,82,8,2,ElectricalFaultDetection,1,3.4221765995025635,0.001220703125,0.41107797622680664,0.014166666666666666,0.005
15,30,10,83,8,3,ElectricalFaultDetection,1,3.204613208770752,0.0021028518676757812,0.3800170421600342,0.005833333333333334,0.005833333333333334
15,30,10,84,8,4,ElectricalFaultDetection,1,3.147634744644165,0.0012023448944091797,0.3477141857147217,0.013333333333333334,0.0075
15,30,10,85,8,5,ElectricalFaultDetection,1,2.969360589981079,0.0011813640594482422,0.3365445137023926,0.011666666666666667,0.008333333333333333
15,30,10,86,8,6,ElectricalFaultDetection,1,3.513739824295044,0.0011289119720458984,0.40651416778564453,0.008333333333333333,0.010833333333333334
15,30,10,87,8,7,ElectricalFaultDetection,1,3.4728775024414062,0.0010976791381835938,0.3992924690246582,0.0175,0.019166666666666665
15,30,10,88,8,8,ElectricalFaultDetection,1,3.7502694129943848,0.0012040138244628906,0.40878820419311523,0.0033333333333333335,0.004166666666666667
15,30,10,89,8,9,ElectricalFaultDetection,1,3.2456939220428467,0.0011768341064453125,0.3602254390716553,0.0075,0.004166666666666667
15,30,10,90,9,0,ElectricalFaultDetection,1,3.285339593887329,0.0011811256408691406,0.3841230869293213,0.00749375520399667,0.005828476269775187
15,30,10,91,9,1,ElectricalFaultDetection,1,2.9874885082244873,0.0011875629425048828,0.35996103286743164,0.009166666666666667,0.01
15,30,10,92,9,2,ElectricalFaultDetection,1,3.6348721981048584,0.0010921955108642578,0.36816906929016113,0.015,0.0125
15,30,10,93,9,3,ElectricalFaultDetection,1,3.481273651123047,0.0011560916900634766,0.42313551902770996,0.015,0.014166666666666666
15,30,10,94,9,4,ElectricalFaultDetection,1,2.859645366668701,0.0011088848114013672,0.31405019760131836,0.016666666666666666,0.016666666666666666
15,30,10,95,9,5,ElectricalFaultDetection,1,3.065748929977417,0.0011832714080810547,0.37346434593200684,0.005,0.011666666666666667
15,30,10,96,9,6,ElectricalFaultDetection,1,3.053189754486084,0.00115966796875,0.3367021083831787,0.004166666666666667,0.005
15,30,10,97,9,7,ElectricalFaultDetection,1,3.133347749710083,0.0012366771697998047,0.3499934673309326,0.005833333333333334,0.005833333333333334
15,30,10,98,9,8,ElectricalFaultDetection,1,3.2859342098236084,0.0011136531829833984,0.37349486351013184,0.006666666666666667,0.0033333333333333335
15,30,10,99,9,9,ElectricalFaultDetection,1,2.503391981124878,0.0011670589447021484,0.27764129638671875,0.0075,0.004166666666666667
15,30,10,100,10,0,ElectricalFaultDetection,1,2.9417290687561035,0.0011751651763916016,0.3386847972869873,0.010824313072439634,0.0033305578684429643
15,30,10,101,10,1,ElectricalFaultDetection,1,2.715064525604248,0.0012111663818359375,0.3144996166229248,0.014166666666666666,0.005
15,30,10,102,10,2,ElectricalFaultDetection,1,3.2329983711242676,0.0011973381042480469,0.3688843250274658,0.015833333333333335,0.0125
15,30,10,103,10,3,ElectricalFaultDetection,1,2.771455764770508,0.0012216567993164062,0.34258532524108887,0.005833333333333334,0.006666666666666667
15,30,10,104,10,4,ElectricalFaultDetection,1,3.4028525352478027,0.0011739730834960938,0.36209774017333984,0.010833333333333334,0.01
15,30,10,105,10,5,ElectricalFaultDetection,1,3.504403829574585,0.0012810230255126953,0.38062262535095215,0.004166666666666667,0.0025
15,30,10,106,10,6,ElectricalFaultDetection,1,3.3510875701904297,0.0011222362518310547,0.36995458602905273,0.0075,0.005
15,30,10,107,10,7,ElectricalFaultDetection,1,3.5259463787078857,0.0011899471282958984,0.38329219818115234,0.0075,0.011666666666666667
15,30,10,108,10,8,ElectricalFaultDetection,1,3.1608023643493652,0.001169443130493164,0.3695814609527588,0.01,0.005833333333333334
15,30,10,109,10,9,ElectricalFaultDetection,1,2.753469228744507,0.0011429786682128906,0.3321723937988281,0.010833333333333334,0.0025
15,30,10,110,11,0,ElectricalFaultDetection,1,3.4410288333892822,0.0011904239654541016,0.40068507194519043,0.00749375520399667,0.004995836802664446
15,30,10,111,11,1,ElectricalFaultDetection,1,3.2657697200775146,0.0012254714965820312,0.3771095275878906,0.004166666666666667,0.004166666666666667
15,30,10,112,11,2,ElectricalFaultDetection,1,3.648876667022705,0.0012564659118652344,0.39844727516174316,0.005833333333333334,0.005
15,30,10,113,11,3,ElectricalFaultDetection,1,3.540936231613159,0.001216888427734375,0.3963773250579834,0.011666666666666667,0.0033333333333333335
15,30,10,114,11,4,ElectricalFaultDetection,1,3.039506673812866,0.0011568069458007812,0.3473687171936035,0.005,0.005
15,30,10,115,11,5,ElectricalFaultDetection,1,3.6435325145721436,0.0011894702911376953,0.4438316822052002,0.0075,0.006666666666666667
15,30,10,116,11,6,ElectricalFaultDetection,1,2.649667263031006,0.002499818801879883,0.30847668647766113,0.0075,0.004166666666666667
15,30,10,117,11,7,ElectricalFaultDetection,1,3.19119930267334,0.0011713504791259766,0.3632969856262207,0.008333333333333333,0.005
15,30,10,118,11,8,ElectricalFaultDetection,1,2.566819667816162,0.0011494159698486328,0.2963979244232178,0.004166666666666667,0.005
15,30,10,119,11,9,ElectricalFaultDetection,1,3.166550397872925,0.001184225082397461,0.3557615280151367,0.004166666666666667,0.005
15,30,10,120,12,0,ElectricalFaultDetection,1,3.223165273666382,0.0011467933654785156,0.3609929084777832,0.004163197335553705,0.004163197335553705
15,30,10,121,12,1,ElectricalFaultDetection,1,3.5051023960113525,0.0012314319610595703,0.3906383514404297,0.009166666666666667,0.01
15,30,10,122,12,2,ElectricalFaultDetection,1,2.7489137649536133,0.0011646747589111328,0.330394983291626,0.0075,0.005
15,30,10,123,12,3,ElectricalFaultDetection,1,3.1865921020507812,0.0011970996856689453,0.37325334548950195,0.008333333333333333,0.0033333333333333335
15,30,10,124,12,4,ElectricalFaultDetection,1,2.997025966644287,0.001196146011352539,0.33716750144958496,0.01,0.005
15,30,10,125,12,5,ElectricalFaultDetection,1,2.8484292030334473,0.0012755393981933594,0.3503916263580322,0.009166666666666667,0.006666666666666667
15,30,10,126,12,6,ElectricalFaultDetection,1,2.7072551250457764,0.0011196136474609375,0.32590723037719727,0.005833333333333334,0.008333333333333333
15,30,10,127,12,7,ElectricalFaultDetection,1,3.61641788482666,0.0011990070343017578,0.4076731204986572,0.01,0.004166666666666667
15,30,10,128,12,8,ElectricalFaultDetection,1,2.937997817993164,0.0011627674102783203,0.36420631408691406,0.0075,0.005833333333333334
15,30,10,129,12,9,ElectricalFaultDetection,1,2.8390064239501953,0.0012009143829345703,0.3310575485229492,0.005,0.0075
15,30,10,130,13,0,ElectricalFaultDetection,1,3.279402017593384,0.002173900604248047,0.38369321823120117,0.009159034138218152,0.005828476269775187
15,30,10,131,13,1,ElectricalFaultDetection,1,3.0502867698669434,0.0014176368713378906,0.35380005836486816,0.010833333333333334,0.008333333333333333
15,30,10,132,13,2,ElectricalFaultDetection,1,3.1327505111694336,0.0011563301086425781,0.3695824146270752,0.008333333333333333,0.01
15,30,10,133,13,3,ElectricalFaultDetection,1,3.2312393188476562,0.0012347698211669922,0.34656286239624023,0.0075,0.005833333333333334
15,30,10,134,13,4,ElectricalFaultDetection,1,3.340512275695801,0.0012073516845703125,0.39449357986450195,0.0125,0.015
15,30,10,135,13,5,ElectricalFaultDetection,1,2.642584800720215,0.001165151596069336,0.31671595573425293,0.005833333333333334,0.004166666666666667
15,30,10,136,13,6,ElectricalFaultDetection,1,3.17440128326416,0.0012013912200927734,0.3563969135284424,0.008333333333333333,0.005
15,30,10,137,13,7,ElectricalFaultDetection,1,2.9442176818847656,0.0011088848114013672,0.361987829208374,0.006666666666666667,0.0033333333333333335
15,30,10,138,13,8,ElectricalFaultDetection,1,3.6116302013397217,0.0011556148529052734,0.388916015625,0.008333333333333333,0.0075
15,30,10,139,13,9,ElectricalFaultDetection,1,3.3185341358184814,0.0012636184692382812,0.3894968032836914,0.014166666666666666,0.004166666666666667
15,30,10,140,14,0,ElectricalFaultDetection,1,3.1189286708831787,0.0011560916900634766,0.34769153594970703,0.00749375520399667,0.00832639467110741
15,30,10,141,14,1,ElectricalFaultDetection,1,3.237504005432129,0.0011861324310302734,0.3713517189025879,0.0075,0.005
15,30,10,142,14,2,ElectricalFaultDetection,1,3.32358455657959,0.0011513233184814453,0.37329626083374023,0.01,0.011666666666666667
15,30,10,143,14,3,ElectricalFaultDetection,1,3.1067657470703125,0.0012209415435791016,0.3514878749847412,0.010833333333333334,0.0033333333333333335
15,30,10,144,14,4,ElectricalFaultDetection,1,2.219447612762451,0.0012309551239013672,0.27287912368774414,0.008333333333333333,0.005833333333333334
15,30,10,145,14,5,ElectricalFaultDetection,1,3.3077690601348877,0.00122833251953125,0.3639986515045166,0.005,0.005833333333333334
15,30,10,146,14,6,ElectricalFaultDetection,1,2.6928346157073975,0.0012769699096679688,0.3270750045776367,0.019166666666666665,0.005
15,30,10,147,14,7,ElectricalFaultDetection,1,3.494793176651001,0.0012006759643554688,0.38769054412841797,0.006666666666666667,0.004166666666666667
15,30,10,148,14,8,ElectricalFaultDetection,1,3.003203868865967,0.0012145042419433594,0.35040283203125,0.015,0.009166666666666667
15,30,10,149,14,9,ElectricalFaultDetection,1,3.352393388748169,0.0012438297271728516,0.3856041431427002,0.0075,0.0075
15,30,10,150,15,0,ElectricalFaultDetection,1,3.372495174407959,0.0011556148529052734,0.37862730026245117,0.004163197335553705,0.006661115736885929
15,30,10,151,15,1,ElectricalFaultDetection,1,2.9729652404785156,0.0011191368103027344,0.34518885612487793,0.004166666666666667,0.005833333333333334
15,30,10,152,15,2,ElectricalFaultDetection,1,3.072741746902466,0.0012514591217041016,0.376309871673584,0.008333333333333333,0.005833333333333334
15,30,10,153,15,3,ElectricalFaultDetection,1,3.192746877670288,0.0011675357818603516,0.3376502990722656,0.006666666666666667,0.005833333333333334
15,30,10,154,15,4,ElectricalFaultDetection,1,3.320136785507202,0.001178741455078125,0.396115779876709,0.005833333333333334,0.006666666666666667
15,30,10,155,15,5,ElectricalFaultDetection,1,2.6431376934051514,0.001194000244140625,0.32547998428344727,0.008333333333333333,0.008333333333333333
15,30,10,156,15,6,ElectricalFaultDetection,1,2.84175181388855,0.0012438297271728516,0.3374347686767578,0.008333333333333333,0.005833333333333334
15,30,10,157,15,7,ElectricalFaultDetection,1,3.378319025039673,0.001245737075805664,0.40712833404541016,0.008333333333333333,0.0008333333333333334
15,30,10,158,15,8,ElectricalFaultDetection,1,3.476987838745117,0.001226663589477539,0.40952420234680176,0.009166666666666667,0.005833333333333334
15,30,10,159,15,9,ElectricalFaultDetection,1,3.4314849376678467,0.0012161731719970703,0.3586254119873047,0.005833333333333334,0.004166666666666667
15,30,10,160,16,0,ElectricalFaultDetection,1,3.5840113162994385,0.0011806488037109375,0.3688533306121826,0.009991673605328892,0.005828476269775187
15,30,10,161,16,1,ElectricalFaultDetection,1,3.250554323196411,0.0011513233184814453,0.39377379417419434,0.010833333333333334,0.005833333333333334
15,30,10,162,16,2,ElectricalFaultDetection,1,2.824629783630371,0.001153707504272461,0.32529520988464355,0.006666666666666667,0.0033333333333333335
15,30,10,163,16,3,ElectricalFaultDetection,1,2.9653570652008057,0.001215219497680664,0.3471508026123047,0.005,0.005833333333333334
15,30,10,164,16,4,ElectricalFaultDetection,1,3.4110257625579834,0.001230001449584961,0.37736964225769043,0.005833333333333334,0.005833333333333334
15,30,10,165,16,5,ElectricalFaultDetection,1,3.411984443664551,0.0012254714965820312,0.39270734786987305,0.005,0.005833333333333334
15,30,10,166,16,6,ElectricalFaultDetection,1,3.096675157546997,0.0012149810791015625,0.3602747917175293,0.006666666666666667,0.005833333333333334
15,30,10,167,16,7,ElectricalFaultDetection,1,2.5701024532318115,0.0012667179107666016,0.3131101131439209,0.009166666666666667,0.004166666666666667
15,30,10,168,16,8,ElectricalFaultDetection,1,2.7860915660858154,0.0011947154998779297,0.3098106384277344,0.011666666666666667,0.005
15,30,10,169,16,9,ElectricalFaultDetection,1,3.042668581008911,0.00122833251953125,0.34403204917907715,0.0075,0.006666666666666667
15,30,10,170,17,0,ElectricalFaultDetection,1,3.367727518081665,0.0011184215545654297,0.342205286026001,0.017485428809325562,0.020815986677768527
15,30,10,171,17,1,ElectricalFaultDetection,1,3.3275516033172607,0.0012319087982177734,0.3668787479400635,0.0075,0.0075
15,30,10,172,17,2,ElectricalFaultDetection,1,3.374119758605957,0.001194000244140625,0.3673985004425049,0.005833333333333334,0.006666666666666667
15,30,10,173,17,3,ElectricalFaultDetection,1,3.4022884368896484,0.0012309551239013672,0.39586710929870605,0.005,0.004166666666666667
15,30,10,174,17,4,ElectricalFaultDetection,1,3.186521530151367,0.0012280941009521484,0.37454771995544434,0.006666666666666667,0.0033333333333333335
15,30,10,175,17,5,ElectricalFaultDetection,1,2.929900884628296,0.0012133121490478516,0.33267927169799805,0.005833333333333334,0.006666666666666667
15,30,10,176,17,6,ElectricalFaultDetection,1,2.5971274375915527,0.0011909008026123047,0.34049296379089355,0.0075,0.0075
15,30,10,177,17,7,ElectricalFaultDetection,1,2.4692564010620117,0.0011839866638183594,0.3069465160369873,0.0025,0.004166666666666667
15,30,10,178,17,8,ElectricalFaultDetection,1,3.3200154304504395,0.0012311935424804688,0.36374425888061523,0.0125,0.005833333333333334
15,30,10,179,17,9,ElectricalFaultDetection,1,3.2098195552825928,0.0016188621520996094,0.363048791885376,0.0125,0.005833333333333334
15,30,10,180,18,0,ElectricalFaultDetection,1,3.6490774154663086,0.0012445449829101562,0.3876326084136963,0.004995836802664446,0.002497918401332223
15,30,10,181,18,1,ElectricalFaultDetection,1,3.1472270488739014,0.0012180805206298828,0.3639371395111084,0.005833333333333334,0.005
15,30,10,182,18,2,ElectricalFaultDetection,1,2.608201026916504,0.001210927963256836,0.31195497512817383,0.014166666666666666,0.008333333333333333
15,30,10,183,18,3,ElectricalFaultDetection,1,3.4555232524871826,0.0012221336364746094,0.3796389102935791,0.008333333333333333,0.0033333333333333335
15,30,10,184,18,4,ElectricalFaultDetection,1,3.2822763919830322,0.0012149810791015625,0.35701489448547363,0.0025,0.006666666666666667
15,30,10,185,18,5,ElectricalFaultDetection,1,2.5157268047332764,0.0011854171752929688,0.3380553722381592,0.005,0.01
15,30,10,186,18,6,ElectricalFaultDetection,1,3.6280517578125,0.0012886524200439453,0.3918430805206299,0.005,0.004166666666666667
15,30,10,187,18,7,ElectricalFaultDetection,1,3.298917770385742,0.0011844635009765625,0.3663458824157715,0.005833333333333334,0.005833333333333334
15,30,10,188,18,8,ElectricalFaultDetection,1,3.2106075286865234,0.0011546611785888672,0.37244176864624023,0.006666666666666667,0.0075
15,30,10,189,18,9,ElectricalFaultDetection,1,3.3257296085357666,0.0012507438659667969,0.41191720962524414,0.011666666666666667,0.014166666666666666
15,30,10,190,19,0,ElectricalFaultDetection,1,3.1092820167541504,0.0011663436889648438,0.34664011001586914,0.00749375520399667,0.012489592006661115
15,30,10,191,19,1,ElectricalFaultDetection,1,3.166771411895752,0.00122833251953125,0.3732147216796875,0.0075,0.0033333333333333335
15,30,10,192,19,2,ElectricalFaultDetection,1,3.1215083599090576,0.0011706352233886719,0.36530041694641113,0.008333333333333333,0.011666666666666667
15,30,10,193,19,3,ElectricalFaultDetection,1,2.9717020988464355,0.0012028217315673828,0.3544003963470459,0.010833333333333334,0.009166666666666667
15,30,10,194,19,4,ElectricalFaultDetection,1,3.3368260860443115,0.001177072525024414,0.35733723640441895,0.005833333333333334,0.005
15,30,10,195,19,5,ElectricalFaultDetection,1,2.965942144393921,0.0011820793151855469,0.3468747138977051,0.0025,0.0025
15,30,10,196,19,6,ElectricalFaultDetection,1,3.1726534366607666,0.0012598037719726562,0.3643827438354492,0.005833333333333334,0.004166666666666667
15,30,10,197,19,7,ElectricalFaultDetection,1,2.9860007762908936,0.0012831687927246094,0.3475492000579834,0.0075,0.006666666666666667
15,30,10,198,19,8,ElectricalFaultDetection,1,3.069735527038574,0.001146078109741211,0.35283899307250977,0.0033333333333333335,0.0016666666666666668
15,30,10,199,19,9,ElectricalFaultDetection,1,3.0363378524780273,0.0011675357818603516,0.33607935905456543,0.015,0.004166666666666667
15,30,10,200,20,0,ElectricalFaultDetection,1,3.1171517372131348,0.0012078285217285156,0.3475303649902344,0.010824313072439634,0.00749375520399667
15,30,10,201,20,1,ElectricalFaultDetection,1,3.5363190174102783,0.0011870861053466797,0.39014363288879395,0.006666666666666667,0.005833333333333334
15,30,10,202,20,2,ElectricalFaultDetection,1,3.130841016769409,0.0012028217315673828,0.36957454681396484,0.005833333333333334,0.005833333333333334
15,30,10,203,20,3,ElectricalFaultDetection,1,3.258052349090576,0.0012142658233642578,0.37822461128234863,0.0075,0.010833333333333334
15,30,10,204,20,4,ElectricalFaultDetection,1,2.5650970935821533,0.0012276172637939453,0.32114171981811523,0.01,0.005833333333333334
15,30,10,205,20,5,ElectricalFaultDetection,1,3.2945053577423096,0.0011246204376220703,0.38750267028808594,0.005,0.0033333333333333335
15,30,10,206,20,6,ElectricalFaultDetection,1,3.3866138458251953,0.0011990070343017578,0.370194673538208,0.0025,0.0016666666666666668
15,30,10,207,20,7,ElectricalFaultDetection,1,3.8279740810394287,0.0011837482452392578,0.42966175079345703,0.008333333333333333,0.006666666666666667
15,30,10,208,20,8,ElectricalFaultDetection,1,3.1822550296783447,0.001245737075805664,0.36240673065185547,0.006666666666666667,0.0016666666666666668
15,30,10,209,20,9,ElectricalFaultDetection,1,3.534648895263672,0.0012202262878417969,0.39356565475463867,0.0075,0.004166666666666667
15,30,10,210,21,0,ElectricalFaultDetection,1,2.9968888759613037,0.0011959075927734375,0.350602388381958,0.009991673605328892,0.004163197335553705
15,30,10,211,21,1,ElectricalFaultDetection,1,3.329824447631836,0.0011818408966064453,0.3735809326171875,0.005,0.009166666666666667
15,30,10,212,21,2,ElectricalFaultDetection,1,3.2841696739196777,0.0019214153289794922,0.3608393669128418,0.006666666666666667,0.006666666666666667
15,30,10,213,21,3,ElectricalFaultDetection,1,3.1599061489105225,0.0011639595031738281,0.37450623512268066,0.010833333333333334,0.011666666666666667
15,30,10,214,21,4,ElectricalFaultDetection,1,3.1213157176971436,0.0011687278747558594,0.3848395347595215,0.004166666666666667,0.0016666666666666668
15,30,10,215,21,5,ElectricalFaultDetection,1,3.053034543991089,0.001249551773071289,0.3573017120361328,0.006666666666666667,0.005
15,30,10,216,21,6,ElectricalFaultDetection,1,3.6272501945495605,0.0021440982818603516,0.43815016746520996,0.0033333333333333335,0.0025
15,30,10,217,21,7,ElectricalFaultDetection,1,2.6509432792663574,0.0011610984802246094,0.32140207290649414,0.0125,0.005
15,30,10,218,21,8,ElectricalFaultDetection,1,2.9843873977661133,0.0011572837829589844,0.3646407127380371,0.009166666666666667,0.005833333333333334
15,30,10,219,21,9,ElectricalFaultDetection,1,2.8456265926361084,0.0012176036834716797,0.33292484283447266,0.008333333333333333,0.0075
15,30,10,220,22,0,ElectricalFaultDetection,1,3.4244518280029297,0.001201629638671875,0.398317813873291,0.01498751040799334,0.004995836802664446
15,30,10,221,22,1,ElectricalFaultDetection,1,2.862715005874634,0.0012004375457763672,0.34890294075012207,0.008333333333333333,0.008333333333333333
15,30,10,222,22,2,ElectricalFaultDetection,1,3.0161867141723633,0.0011897087097167969,0.3357124328613281,0.005833333333333334,0.009166666666666667
15,30,10,223,22,3,ElectricalFaultDetection,1,3.3670780658721924,0.0011930465698242188,0.37698841094970703,0.004166666666666667,0.005
15,30,10,224,22,4,ElectricalFaultDetection,1,3.1397154331207275,0.0012292861938476562,0.3499605655670166,0.0075,0.006666666666666667
15,30,10,225,22,5,ElectricalFaultDetection,1,3.395632743835449,0.001218557357788086,0.3876984119415283,0.004166666666666667,0.005
15,30,10,226,22,6,ElectricalFaultDetection,1,3.2834174633026123,0.001142263412475586,0.37291383743286133,0.005,0.0033333333333333335
15,30,10,227,22,7,ElectricalFaultDetection,1,3.5102169513702393,0.0011594295501708984,0.40898799896240234,0.01,0.006666666666666667
15,30,10,228,22,8,ElectricalFaultDetection,1,3.451596260070801,0.0012094974517822266,0.4000887870788574,0.005833333333333334,0.006666666666666667
15,30,10,229,22,9,ElectricalFaultDetection,1,3.4260075092315674,0.0012288093566894531,0.38022732734680176,0.008333333333333333,0.008333333333333333
15,30,10,230,23,0,ElectricalFaultDetection,1,3.357341766357422,0.0010962486267089844,0.37722349166870117,0.019983347210657785,0.012489592006661115
15,30,10,231,23,1,ElectricalFaultDetection,1,3.6086676120758057,0.0011916160583496094,0.39554429054260254,0.004166666666666667,0.005833333333333334
15,30,10,232,23,2,ElectricalFaultDetection,1,3.1597342491149902,0.0011813640594482422,0.34586524963378906,0.0075,0.005833333333333334
15,30,10,233,23,3,ElectricalFaultDetection,1,3.5343518257141113,0.0012860298156738281,0.3848555088043213,0.0033333333333333335,0.0025
15,30,10,234,23,4,ElectricalFaultDetection,1,3.442283868789673,0.0012447834014892578,0.4149191379547119,0.006666666666666667,0.005
15,30,10,235,23,5,ElectricalFaultDetection,1,3.3497443199157715,0.0011785030364990234,0.3908858299255371,0.006666666666666667,0.005
15,30,10,236,23,6,ElectricalFaultDetection,1,2.7920217514038086,0.001194000244140625,0.3497779369354248,0.015833333333333335,0.013333333333333334
15,30,10,237,23,7,ElectricalFaultDetection,1,3.303821325302124,0.0011875629425048828,0.373201847076416,0.0075,0.009166666666666667
15,30,10,238,23,8,ElectricalFaultDetection,1,3.029015064239502,0.0012559890747070312,0.3445160388946533,0.0075,0.009166666666666667
15,30,10,239,23,9,ElectricalFaultDetection,1,3.1034209728240967,0.0012769699096679688,0.33548593521118164,0.005,0.0033333333333333335
15,30,10,240,24,0,ElectricalFaultDetection,1,3.4695866107940674,0.001735687255859375,0.38736581802368164,0.010824313072439634,0.00749375520399667
15,30,10,241,24,1,ElectricalFaultDetection,1,3.440345048904419,0.0012242794036865234,0.3678896427154541,0.0075,0.005
15,30,10,242,24,2,ElectricalFaultDetection,1,3.5583975315093994,0.00124359130859375,0.3922266960144043,0.006666666666666667,0.005
15,30,10,243,24,3,ElectricalFaultDetection,1,3.2522382736206055,0.0011661052703857422,0.3552389144897461,0.0125,0.006666666666666667
15,30,10,244,24,4,ElectricalFaultDetection,1,3.216992139816284,0.0011889934539794922,0.3590059280395508,0.0175,0.008333333333333333
15,30,10,245,24,5,ElectricalFaultDetection,1,3.438523530960083,0.00112152099609375,0.3692901134490967,0.016666666666666666,0.0075
15,30,10,246,24,6,ElectricalFaultDetection,1,3.067011594772339,0.0013022422790527344,0.35068583488464355,0.009166666666666667,0.006666666666666667
15,30,10,247,24,7,ElectricalFaultDetection,1,2.6599106788635254,0.0011034011840820312,0.31424736976623535,0.0075,0.0025
15,30,10,248,24,8,ElectricalFaultDetection,1,3.19067645072937,0.0011925697326660156,0.36066532135009766,0.0016666666666666668,0.005
15,30,10,249,24,9,ElectricalFaultDetection,1,3.4896798133850098,0.0012497901916503906,0.40070486068725586,0.004166666666666667,0.005
15,30,10,250,25,0,ElectricalFaultDetection,1,2.6867239475250244,0.001173257827758789,0.34974026679992676,0.013322231473771857,0.00749375520399667
15,30,10,251,25,1,ElectricalFaultDetection,1,3.2851033210754395,0.0011723041534423828,0.37177348136901855,0.008333333333333333,0.006666666666666667
15,30,10,252,25,2,ElectricalFaultDetection,1,3.510335922241211,0.0011703968048095703,0.39388418197631836,0.008333333333333333,0.006666666666666667
15,30,10,253,25,3,ElectricalFaultDetection,1,2.7029001712799072,0.0011878013610839844,0.3218376636505127,0.009166666666666667,0.006666666666666667
15,30,10,254,25,4,ElectricalFaultDetection,1,2.7946763038635254,0.002699613571166992,0.3220388889312744,0.0033333333333333335,0.004166666666666667
15,30,10,255,25,5,ElectricalFaultDetection,1,3.6128156185150146,0.001283407211303711,0.4081156253814697,0.01,0.004166666666666667
15,30,10,256,25,6,ElectricalFaultDetection,1,2.8291845321655273,0.0015873908996582031,0.31552839279174805,0.005,0.0033333333333333335
15,30,10,257,25,7,ElectricalFaultDetection,1,3.084909439086914,0.0012085437774658203,0.36219143867492676,0.0075,0.01
15,30,10,258,25,8,ElectricalFaultDetection,1,3.065491199493408,0.00115203857421875,0.3582334518432617,0.02,0.006666666666666667
15,30,10,259,25,9,ElectricalFaultDetection,1,3.0623650550842285,0.0012407302856445312,0.3435220718383789,0.009166666666666667,0.005833333333333334
15,30,10,260,26,0,ElectricalFaultDetection,1,2.8771438598632812,0.0012850761413574219,0.31830453872680664,0.0033305578684429643,0.006661115736885929
15,30,10,261,26,1,ElectricalFaultDetection,1,2.946477174758911,0.0011792182922363281,0.34056854248046875,0.005,0.0033333333333333335
15,30,10,262,26,2,ElectricalFaultDetection,1,3.1066606044769287,0.0011904239654541016,0.3627936840057373,0.011666666666666667,0.005
15,30,10,263,26,3,ElectricalFaultDetection,1,3.565291404724121,0.0011818408966064453,0.43215394020080566,0.009166666666666667,0.008333333333333333
15,30,10,264,26,4,ElectricalFaultDetection,1,3.1373651027679443,0.0012013912200927734,0.34474921226501465,0.004166666666666667,0.0033333333333333335
15,30,10,265,26,5,ElectricalFaultDetection,1,3.502957582473755,0.0012001991271972656,0.38495850563049316,0.010833333333333334,0.005833333333333334
15,30,10,266,26,6,ElectricalFaultDetection,1,2.990541458129883,0.0023550987243652344,0.346616268157959,0.005,0.009166666666666667
15,30,10,267,26,7,ElectricalFaultDetection,1,2.6802027225494385,0.0012378692626953125,0.30992841720581055,0.005833333333333334,0.004166666666666667
15,30,10,268,26,8,ElectricalFaultDetection,1,3.6460494995117188,0.001190185546875,0.3751814365386963,0.0075,0.0033333333333333335
15,30,10,269,26,9,ElectricalFaultDetection,1,2.99288010597229,0.001255035400390625,0.3446505069732666,0.009166666666666667,0.005833333333333334
15,30,10,270,27,0,ElectricalFaultDetection,1,3.2307355403900146,0.0011780261993408203,0.3663461208343506,0.006661115736885929,0.005828476269775187
15,30,10,271,27,1,ElectricalFaultDetection,1,3.079540252685547,0.001249551773071289,0.38381505012512207,0.015833333333333335,0.0075
15,30,10,272,27,2,ElectricalFaultDetection,1,3.0850725173950195,0.0012466907501220703,0.3324425220489502,0.0025,0.0016666666666666668
15,30,10,273,27,3,ElectricalFaultDetection,1,3.1984803676605225,0.0011746883392333984,0.3667628765106201,0.005,0.008333333333333333
15,30,10,274,27,4,ElectricalFaultDetection,1,3.6400647163391113,0.0012221336364746094,0.4140620231628418,0.005833333333333334,0.005
15,30,10,275,27,5,ElectricalFaultDetection,1,3.6988024711608887,0.0012586116790771484,0.4109008312225342,0.005833333333333334,0.005
15,30,10,276,27,6,ElectricalFaultDetection,1,3.0382893085479736,0.0011851787567138672,0.32447147369384766,0.03166666666666667,0.004166666666666667
15,30,10,277,27,7,ElectricalFaultDetection,1,3.483630418777466,0.0011861324310302734,0.3776736259460449,0.015833333333333335,0.0025
15,30,10,278,27,8,ElectricalFaultDetection,1,2.847289562225342,0.0012090206146240234,0.3481459617614746,0.009166666666666667,0.010833333333333334
15,30,10,279,27,9,ElectricalFaultDetection,1,3.4412686824798584,0.0011832714080810547,0.38144898414611816,0.005833333333333334,0.0075
15,30,10,280,28,0,ElectricalFaultDetection,1,3.460374593734741,0.002323627471923828,0.3813748359680176,0.013322231473771857,0.004995836802664446
15,30,10,281,28,1,ElectricalFaultDetection,1,2.9740424156188965,0.0011587142944335938,0.36655139923095703,0.008333333333333333,0.0033333333333333335
15,30,10,282,28,2,ElectricalFaultDetection,1,3.387979745864868,0.0022356510162353516,0.4024791717529297,0.009166666666666667,0.009166666666666667
15,30,10,283,28,3,ElectricalFaultDetection,1,3.2331271171569824,0.00121307373046875,0.37625837326049805,0.004166666666666667,0.004166666666666667
15,30,10,284,28,4,ElectricalFaultDetection,1,3.4845094680786133,0.0011587142944335938,0.4000117778778076,0.0075,0.008333333333333333
15,30,10,285,28,5,ElectricalFaultDetection,1,3.001542091369629,0.0012004375457763672,0.32567381858825684,0.01,0.004166666666666667
15,30,10,286,28,6,ElectricalFaultDetection,1,3.3697116374969482,0.0011754035949707031,0.37660813331604004,0.005833333333333334,0.006666666666666667
15,30,10,287,28,7,ElectricalFaultDetection,1,3.2383975982666016,0.0012295246124267578,0.3739013671875,0.005833333333333334,0.005833333333333334
15,30,10,288,28,8,ElectricalFaultDetection,1,2.907188653945923,0.0011744499206542969,0.32469868659973145,0.006666666666666667,0.0075
15,30,10,289,28,9,ElectricalFaultDetection,1,3.3672332763671875,0.0011653900146484375,0.3672471046447754,0.01,0.011666666666666667
15,30,10,290,29,0,ElectricalFaultDetection,1,3.5441510677337646,0.0012135505676269531,0.39130139350891113,0.006661115736885929,0.0033305578684429643
15,30,10,291,29,1,ElectricalFaultDetection,1,3.196248769760132,0.0012488365173339844,0.362271785736084,0.0016666666666666668,0.0025
15,30,10,292,29,2,ElectricalFaultDetection,1,3.2976315021514893,0.0018258094787597656,0.36258769035339355,0.0125,0.009166666666666667
15,30,10,293,29,3,ElectricalFaultDetection,1,2.710393190383911,0.0010759830474853516,0.3116939067840576,0.0125,0.014166666666666666
15,30,10,294,29,4,ElectricalFaultDetection,1,3.1431665420532227,0.0012331008911132812,0.3802158832550049,0.005,0.005833333333333334
15,30,10,295,29,5,ElectricalFaultDetection,1,2.921358108520508,0.001234292984008789,0.33646655082702637,0.005,0.0033333333333333335
15,30,10,296,29,6,ElectricalFaultDetection,1,3.7220935821533203,0.0012602806091308594,0.40332460403442383,0.0025,0.004166666666666667
15,30,10,297,29,7,ElectricalFaultDetection,1,3.19687819480896,0.0011663436889648438,0.36202168464660645,0.01,0.004166666666666667
15,30,10,298,29,8,ElectricalFaultDetection,1,3.399717330932617,0.0011439323425292969,0.3596806526184082,0.011666666666666667,0.010833333333333334
15,30,10,299,29,9,ElectricalFaultDetection,1,2.6952459812164307,0.0012576580047607422,0.3283066749572754,0.011666666666666667,0.01
