Options(Standardize=True, initial_k=1, p_parameter=0.01, h_threshold=1, dm_case=1, s_parameter=0.15, dm_threshold=3, update_s_parameter=True, return_full_dm=False, return_full_history=False, iteration_threshold=1000000.0, kmeans_random_state=None, distance_method=4, kmeans_method=2)
23,30,10,0,0,0,ElectricalGridStability,4,1233.443717956543,0.016705036163330078,10.981488704681396,0.252,0.21
23,30,10,1,0,1,ElectricalGridStability,4,1159.4339594841003,0.016055583953857422,10.943920135498047,0.211,0.206
23,30,10,2,0,2,ElectricalGridStability,4,1178.381341934204,0.019403696060180664,10.418481588363647,0.218,0.181
23,30,10,3,0,3,ElectricalGridStability,4,1192.8638260364532,0.016927480697631836,11.188269138336182,0.232,0.185
23,30,10,4,0,4,ElectricalGridStability,4,1087.2043852806091,0.01375126838684082,10.733808040618896,0.216,0.18
23,30,10,5,0,5,ElectricalGridStability,4,1185.4568829536438,0.014092683792114258,11.186681509017944,0.231,0.204
23,30,10,6,0,6,ElectricalGridStability,4,1146.9411618709564,0.013968467712402344,10.384405851364136,0.23,0.175
23,30,10,7,0,7,ElectricalGridStability,4,1134.9733333587646,0.015000581741333008,10.563321828842163,0.234,0.202
23,30,10,8,0,8,ElectricalGridStability,4,1171.8386449813843,0.014968156814575195,10.469368696212769,0.237,0.178
23,30,10,9,0,9,ElectricalGridStability,4,1218.6730864048004,0.014972209930419922,10.452083826065063,0.223,0.194
23,30,10,10,1,0,ElectricalGridStability,4,1170.4645535945892,0.015271425247192383,11.588035821914673,0.242,0.201
23,30,10,11,1,1,ElectricalGridStability,4,1144.93217253685,0.014656305313110352,10.94859266281128,0.19,0.192
23,30,10,12,1,2,ElectricalGridStability,4,1143.6267440319061,0.02053093910217285,10.951590776443481,0.237,0.201
23,30,10,13,1,3,ElectricalGridStability,4,1210.522605419159,0.014937400817871094,10.847124338150024,0.221,0.203
23,30,10,14,1,4,ElectricalGridStability,4,1171.4724915027618,0.014451742172241211,10.31240177154541,0.214,0.165
23,30,10,15,1,5,ElectricalGridStability,4,1099.7645218372345,0.014428138732910156,10.760656356811523,0.244,0.219
23,30,10,16,1,6,ElectricalGridStability,4,1113.056964635849,0.01750922203063965,10.527720212936401,0.243,0.203
23,30,10,17,1,7,ElectricalGridStability,4,1105.6367454528809,0.020022153854370117,10.564789533615112,0.221,0.182
23,30,10,18,1,8,ElectricalGridStability,4,1250.476168870926,0.015195369720458984,11.117732048034668,0.225,0.2
23,30,10,19,1,9,ElectricalGridStability,4,1149.0119051933289,0.01448678970336914,10.33104920387268,0.234,0.19
23,30,10,20,2,0,ElectricalGridStability,4,1259.1751728057861,0.015667200088500977,11.230951070785522,0.218,0.184
23,30,10,21,2,1,ElectricalGridStability,4,1223.4683458805084,0.014856576919555664,9.820641279220581,0.226,0.202
23,30,10,22,2,2,ElectricalGridStability,4,1230.2647240161896,0.020779132843017578,10.524489164352417,0.237,0.212
23,30,10,23,2,3,ElectricalGridStability,4,1160.9624876976013,0.013859033584594727,10.20993685722351,0.244,0.202
23,30,10,24,2,4,ElectricalGridStability,4,1085.1139805316925,0.019507169723510742,11.066679954528809,0.255,0.217
23,30,10,25,2,5,ElectricalGridStability,4,1181.944081068039,0.01852726936340332,11.683711528778076,0.246,0.197
23,30,10,26,2,6,ElectricalGridStability,4,1162.4346840381622,0.014423370361328125,11.298071384429932,0.216,0.19
23,30,10,27,2,7,ElectricalGridStability,4,1114.4541296958923,0.014183998107910156,9.95821499824524,0.242,0.185
23,30,10,28,2,8,ElectricalGridStability,4,1176.4080946445465,0.015197038650512695,10.789005994796753,0.209,0.181
23,30,10,29,2,9,ElectricalGridStability,4,1240.9514799118042,0.01596546173095703,10.685408353805542,0.207,0.187
23,30,10,30,3,0,ElectricalGridStability,4,1132.371374130249,0.01869988441467285,10.782927989959717,0.245,0.205
23,30,10,31,3,1,ElectricalGridStability,4,1171.3891334533691,0.01474905014038086,10.522134065628052,0.235,0.208
23,30,10,32,3,2,ElectricalGridStability,4,1229.9542348384857,0.015260457992553711,10.738837480545044,0.214,0.178
23,30,10,33,3,3,ElectricalGridStability,4,1183.6113114356995,0.01609063148498535,11.104673385620117,0.25,0.211
23,30,10,34,3,4,ElectricalGridStability,4,1177.8512065410614,0.020138263702392578,10.352268695831299,0.234,0.206
23,30,10,35,3,5,ElectricalGridStability,4,1212.36327791214,0.019802093505859375,10.275712013244629,0.221,0.184
23,30,10,36,3,6,ElectricalGridStability,4,1075.7577657699585,0.013312339782714844,10.492302894592285,0.228,0.182
23,30,10,37,3,7,ElectricalGridStability,4,1167.8042786121368,0.014420509338378906,11.283170938491821,0.226,0.202
23,30,10,38,3,8,ElectricalGridStability,4,1137.472743988037,0.014142751693725586,10.294701337814331,0.229,0.184
23,30,10,39,3,9,ElectricalGridStability,4,1171.013590335846,0.01465606689453125,10.81972360610962,0.236,0.209
23,30,10,40,4,0,ElectricalGridStability,4,1134.1970582008362,0.013860225677490234,10.702646732330322,0.241,0.205
23,30,10,41,4,1,ElectricalGridStability,4,1169.6760499477386,0.015284299850463867,10.82262659072876,0.241,0.185
23,30,10,42,4,2,ElectricalGridStability,4,1192.0217084884644,0.015023469924926758,10.80195951461792,0.234,0.191
23,30,10,43,4,3,ElectricalGridStability,4,1153.923308134079,0.014192819595336914,10.852488279342651,0.232,0.198
23,30,10,44,4,4,ElectricalGridStability,4,1207.3541815280914,0.01454305648803711,11.693836212158203,0.234,0.199
23,30,10,45,4,5,ElectricalGridStability,4,1125.9148168563843,0.01518702507019043,9.9697425365448,0.226,0.189
23,30,10,46,4,6,ElectricalGridStability,4,1112.0000462532043,0.015033960342407227,10.4389967918396,0.232,0.183
23,30,10,47,4,7,ElectricalGridStability,4,1193.723473072052,0.018718719482421875,10.94609260559082,0.224,0.179
23,30,10,48,4,8,ElectricalGridStability,4,1167.9727144241333,0.013896942138671875,9.846480369567871,0.227,0.216
23,30,10,49,4,9,ElectricalGridStability,4,1193.1836767196655,0.014817953109741211,11.464796304702759,0.198,0.216
23,30,10,50,5,0,ElectricalGridStability,4,1171.0012397766113,0.014349699020385742,11.290222644805908,0.244,0.21
23,30,10,51,5,1,ElectricalGridStability,4,1176.7132999897003,0.020575761795043945,11.28874659538269,0.229,0.211
23,30,10,52,5,2,ElectricalGridStability,4,1140.3980829715729,0.015014171600341797,10.237666845321655,0.234,0.197
23,30,10,53,5,3,ElectricalGridStability,4,1189.8161118030548,0.014213085174560547,10.753375768661499,0.229,0.198
23,30,10,54,5,4,ElectricalGridStability,4,1255.3471195697784,0.01521921157836914,10.998178005218506,0.216,0.186
23,30,10,55,5,5,ElectricalGridStability,4,1153.8492531776428,0.014174222946166992,10.607956171035767,0.24,0.207
23,30,10,56,5,6,ElectricalGridStability,4,1076.6768627166748,0.01688241958618164,9.9904203414917,0.252,0.218
23,30,10,57,5,7,ElectricalGridStability,4,1181.6929998397827,0.0169217586517334,11.332120895385742,0.256,0.206
23,30,10,58,5,8,ElectricalGridStability,4,1104.5429923534393,0.015215396881103516,10.266797542572021,0.213,0.178
23,30,10,59,5,9,ElectricalGridStability,4,1181.4546217918396,0.015244007110595703,10.823628425598145,0.209,0.179
23,30,10,60,6,0,ElectricalGridStability,4,1190.949818611145,0.014740943908691406,10.803540229797363,0.225,0.214
23,30,10,61,6,1,ElectricalGridStability,4,1074.4807538986206,0.014128684997558594,10.734774351119995,0.212,0.209
23,30,10,62,6,2,ElectricalGridStability,4,1243.7189881801605,0.01581859588623047,10.439237594604492,0.208,0.195
23,30,10,63,6,3,ElectricalGridStability,4,1148.0920715332031,0.014800786972045898,10.700250625610352,0.223,0.204
23,30,10,64,6,4,ElectricalGridStability,4,1207.219699382782,0.016278743743896484,10.891642808914185,0.247,0.185
23,30,10,65,6,5,ElectricalGridStability,4,1139.2795646190643,0.014074563980102539,10.353432893753052,0.274,0.2
23,30,10,66,6,6,ElectricalGridStability,4,1195.7730059623718,0.014551877975463867,10.772454738616943,0.247,0.185
23,30,10,67,6,7,ElectricalGridStability,4,1212.8018727302551,0.014631032943725586,10.856320142745972,0.223,0.169
23,30,10,68,6,8,ElectricalGridStability,4,1171.394743680954,0.014561653137207031,10.568771600723267,0.223,0.195
23,30,10,69,6,9,ElectricalGridStability,4,1193.0847370624542,0.02095198631286621,10.714853763580322,0.225,0.193
23,30,10,70,7,0,ElectricalGridStability,4,1155.0839285850525,0.020595312118530273,10.651072263717651,0.241,0.169
23,30,10,71,7,1,ElectricalGridStability,4,1210.8118300437927,0.016994953155517578,11.09044361114502,0.245,0.201
23,30,10,72,7,2,ElectricalGridStability,4,1169.4655961990356,0.01425480842590332,10.617693424224854,0.242,0.209
23,30,10,73,7,3,ElectricalGridStability,4,1174.8640916347504,0.015284538269042969,11.174633502960205,0.257,0.198
23,30,10,74,7,4,ElectricalGridStability,4,1220.1045665740967,0.014457941055297852,10.446792840957642,0.225,0.195
23,30,10,75,7,5,ElectricalGridStability,4,1117.8532121181488,0.013998031616210938,11.253326892852783,0.244,0.191
23,30,10,76,7,6,ElectricalGridStability,4,1172.721661567688,0.014340400695800781,10.2886643409729,0.247,0.191
23,30,10,77,7,7,ElectricalGridStability,4,1143.687754869461,0.014073371887207031,10.608550548553467,0.225,0.208
23,30,10,78,7,8,ElectricalGridStability,4,1173.3565418720245,0.014478445053100586,10.75051760673523,0.196,0.201
23,30,10,79,7,9,ElectricalGridStability,4,1238.7593863010406,0.01636791229248047,11.52673625946045,0.232,0.211
23,30,10,80,8,0,ElectricalGridStability,4,1284.0972683429718,0.015375375747680664,10.821385860443115,0.228,0.182
23,30,10,81,8,1,ElectricalGridStability,4,1137.0949704647064,0.01624011993408203,10.567626953125,0.243,0.182
23,30,10,82,8,2,ElectricalGridStability,4,1148.185795545578,0.014299392700195312,10.84449291229248,0.241,0.206
23,30,10,83,8,3,ElectricalGridStability,4,1139.7039206027985,0.018052101135253906,11.057095050811768,0.228,0.186
23,30,10,84,8,4,ElectricalGridStability,4,1223.8423449993134,0.01581740379333496,10.318557024002075,0.216,0.201
23,30,10,85,8,5,ElectricalGridStability,4,1130.9775218963623,0.014268636703491211,10.168806552886963,0.243,0.198
23,30,10,86,8,6,ElectricalGridStability,4,1219.8733558654785,0.0164487361907959,11.910884380340576,0.236,0.193
23,30,10,87,8,7,ElectricalGridStability,4,1172.0211622714996,0.01492166519165039,10.764328479766846,0.226,0.195
23,30,10,88,8,8,ElectricalGridStability,4,1213.157826423645,0.01568007469177246,11.15568208694458,0.243,0.204
23,30,10,89,8,9,ElectricalGridStability,4,1195.5464053153992,0.018764019012451172,10.815731525421143,0.222,0.223
23,30,10,90,9,0,ElectricalGridStability,4,1231.4262864589691,0.015782594680786133,11.407702684402466,0.228,0.202
23,30,10,91,9,1,ElectricalGridStability,4,1246.7294871807098,0.01603102684020996,10.502938985824585,0.226,0.208
23,30,10,92,9,2,ElectricalGridStability,4,1184.3146045207977,0.01504826545715332,10.895384550094604,0.23,0.176
23,30,10,93,9,3,ElectricalGridStability,4,1212.5874588489532,0.015147924423217773,10.558267593383789,0.224,0.199
23,30,10,94,9,4,ElectricalGridStability,4,1188.4241194725037,0.014122486114501953,10.717942714691162,0.196,0.185
23,30,10,95,9,5,ElectricalGridStability,4,1026.3682622909546,0.013664960861206055,10.684131383895874,0.237,0.185
23,30,10,96,9,6,ElectricalGridStability,4,1222.6801154613495,0.014634847640991211,11.10514783859253,0.237,0.18
23,30,10,97,9,7,ElectricalGridStability,4,1225.7785811424255,0.014855146408081055,9.983752489089966,0.21,0.205
23,30,10,98,9,8,ElectricalGridStability,4,1215.3929409980774,0.015601158142089844,10.352384328842163,0.252,0.203
23,30,10,99,9,9,ElectricalGridStability,4,1198.0397927761078,0.014832258224487305,10.255970001220703,0.244,0.196
23,30,10,100,10,0,ElectricalGridStability,4,1206.5721938610077,0.016167640686035156,10.33028531074524,0.224,0.205
23,30,10,101,10,1,ElectricalGridStability,4,1207.668937921524,0.015734434127807617,10.822418212890625,0.23,0.184
23,30,10,102,10,2,ElectricalGridStability,4,1270.3002581596375,0.01566767692565918,11.554523706436157,0.218,0.176
23,30,10,103,10,3,ElectricalGridStability,4,1195.7081587314606,0.01444387435913086,10.699101686477661,0.221,0.159
23,30,10,104,10,4,ElectricalGridStability,4,1227.9370591640472,0.014886617660522461,11.268991470336914,0.241,0.217
23,30,10,105,10,5,ElectricalGridStability,4,1193.0774719715118,0.015557527542114258,10.918833017349243,0.247,0.195
23,30,10,106,10,6,ElectricalGridStability,4,1170.815822839737,0.014172077178955078,10.747682809829712,0.239,0.176
23,30,10,107,10,7,ElectricalGridStability,4,1258.2544043064117,0.015392303466796875,10.948647022247314,0.245,0.219
23,30,10,108,10,8,ElectricalGridStability,4,1170.9151406288147,0.014982223510742188,11.430185317993164,0.224,0.187
23,30,10,109,10,9,ElectricalGridStability,4,1166.1104757785797,0.015328407287597656,10.764702558517456,0.211,0.205
23,30,10,110,11,0,ElectricalGridStability,4,1094.1048085689545,0.014913320541381836,9.60640549659729,0.209,0.197
23,30,10,111,11,1,ElectricalGridStability,4,1090.0242984294891,0.014102458953857422,10.719714403152466,0.23,0.215
23,30,10,112,11,2,ElectricalGridStability,4,1180.7728462219238,0.01503133773803711,9.896370887756348,0.259,0.193
23,30,10,113,11,3,ElectricalGridStability,4,1206.7109687328339,0.015309572219848633,11.449772834777832,0.234,0.187
23,30,10,114,11,4,ElectricalGridStability,4,1139.465077638626,0.014735221862792969,11.289958477020264,0.213,0.212
23,30,10,115,11,5,ElectricalGridStability,4,1260.072240114212,0.01575326919555664,10.874894380569458,0.236,0.169
23,30,10,116,11,6,ElectricalGridStability,4,1205.065545797348,0.014503717422485352,10.682873249053955,0.207,0.16
23,30,10,117,11,7,ElectricalGridStability,4,1219.4772293567657,0.014683008193969727,11.228929281234741,0.227,0.175
23,30,10,118,11,8,ElectricalGridStability,4,1192.7773387432098,0.014616966247558594,10.857630252838135,0.223,0.202
23,30,10,119,11,9,ElectricalGridStability,4,1267.6299879550934,0.015706539154052734,11.588653802871704,0.217,0.179
23,30,10,120,12,0,ElectricalGridStability,4,1177.8853342533112,0.02007579803466797,11.064165592193604,0.222,0.204
23,30,10,121,12,1,ElectricalGridStability,4,1212.4160583019257,0.015516996383666992,10.420403242111206,0.221,0.183
23,30,10,122,12,2,ElectricalGridStability,4,1222.33713722229,0.01529550552368164,11.021852731704712,0.24,0.198
23,30,10,123,12,3,ElectricalGridStability,4,1207.6749119758606,0.015247106552124023,11.025847434997559,0.232,0.206
23,30,10,124,12,4,ElectricalGridStability,4,1170.4303858280182,0.015363693237304688,10.511084079742432,0.234,0.196
23,30,10,125,12,5,ElectricalGridStability,4,1201.2000682353973,0.015032768249511719,10.251221179962158,0.238,0.186
23,30,10,126,12,6,ElectricalGridStability,4,1225.4826996326447,0.021602630615234375,11.86406922340393,0.233,0.221
23,30,10,127,12,7,ElectricalGridStability,4,1185.1171016693115,0.020626544952392578,11.391383171081543,0.226,0.18
23,30,10,128,12,8,ElectricalGridStability,4,1305.7885355949402,0.015468358993530273,11.066588163375854,0.211,0.179
23,30,10,129,12,9,ElectricalGridStability,4,1184.2796173095703,0.01813197135925293,10.550065994262695,0.238,0.201
23,30,10,130,13,0,ElectricalGridStability,4,1203.3301031589508,0.015311479568481445,11.384146690368652,0.226,0.19
23,30,10,131,13,1,ElectricalGridStability,4,1246.2482423782349,0.019126176834106445,10.783437490463257,0.248,0.197
23,30,10,132,13,2,ElectricalGridStability,4,1121.1191515922546,0.014656543731689453,10.43311619758606,0.224,0.188
23,30,10,133,13,3,ElectricalGridStability,4,1136.8686685562134,0.014825820922851562,11.02537488937378,0.244,0.188
23,30,10,134,13,4,ElectricalGridStability,4,1150.5303916931152,0.014788627624511719,10.125824928283691,0.214,0.203
23,30,10,135,13,5,ElectricalGridStability,4,1214.7525334358215,0.016031503677368164,11.137743949890137,0.227,0.192
23,30,10,136,13,6,ElectricalGridStability,4,1260.9170610904694,0.015247344970703125,10.97144365310669,0.213,0.198
23,30,10,137,13,7,ElectricalGridStability,4,1172.8873836994171,0.014252424240112305,11.277152299880981,0.271,0.214
23,30,10,138,13,8,ElectricalGridStability,4,1128.9637799263,0.015092611312866211,11.079276323318481,0.227,0.218
23,30,10,139,13,9,ElectricalGridStability,4,1190.003958940506,0.014563560485839844,10.77972149848938,0.233,0.192
23,30,10,140,14,0,ElectricalGridStability,4,1201.1253049373627,0.015896081924438477,10.369025468826294,0.196,0.167
23,30,10,141,14,1,ElectricalGridStability,4,1186.9288501739502,0.014858245849609375,10.941115379333496,0.241,0.188
23,30,10,142,14,2,ElectricalGridStability,4,1131.1440966129303,0.02183222770690918,10.311308860778809,0.245,0.191
23,30,10,143,14,3,ElectricalGridStability,4,1198.6644344329834,0.014772653579711914,10.914843082427979,0.237,0.193
23,30,10,144,14,4,ElectricalGridStability,4,1242.8015956878662,0.015622854232788086,10.973012208938599,0.204,0.189
23,30,10,145,14,5,ElectricalGridStability,4,1193.5059382915497,0.015154123306274414,10.670759201049805,0.237,0.196
23,30,10,146,14,6,ElectricalGridStability,4,1152.4358365535736,0.014436006546020508,10.940589189529419,0.231,0.186
23,30,10,147,14,7,ElectricalGridStability,4,1152.904902458191,0.01734614372253418,10.418032884597778,0.247,0.194
23,30,10,148,14,8,ElectricalGridStability,4,1167.220594882965,0.014791250228881836,10.62035059928894,0.245,0.215
23,30,10,149,14,9,ElectricalGridStability,4,1259.1907408237457,0.015316486358642578,11.605273962020874,0.216,0.184
23,30,10,150,15,0,ElectricalGridStability,4,1103.419809103012,0.014185190200805664,10.81292724609375,0.243,0.189
23,30,10,151,15,1,ElectricalGridStability,4,1202.4402616024017,0.014742136001586914,10.928299188613892,0.218,0.207
23,30,10,152,15,2,ElectricalGridStability,4,1155.900144815445,0.0211637020111084,11.059582471847534,0.243,0.21
23,30,10,153,15,3,ElectricalGridStability,4,1154.641443014145,0.014162540435791016,10.68870234489441,0.235,0.21
23,30,10,154,15,4,ElectricalGridStability,4,1135.7515757083893,0.015415668487548828,10.626452445983887,0.235,0.186
23,30,10,155,15,5,ElectricalGridStability,4,1168.2295219898224,0.015999555587768555,10.387264966964722,0.234,0.179
23,30,10,156,15,6,ElectricalGridStability,4,1181.8140456676483,0.015618562698364258,10.363054990768433,0.241,0.203
23,30,10,157,15,7,ElectricalGridStability,4,1099.9819934368134,0.01504659652709961,11.027312755584717,0.229,0.208
23,30,10,158,15,8,ElectricalGridStability,4,1213.0595841407776,0.01584005355834961,10.622018337249756,0.217,0.212
23,30,10,159,15,9,ElectricalGridStability,4,1185.891615152359,0.01848912239074707,10.84038257598877,0.235,0.189
23,30,10,160,16,0,ElectricalGridStability,4,1096.5147454738617,0.01546335220336914,10.238682270050049,0.224,0.201
23,30,10,161,16,1,ElectricalGridStability,4,1192.935263633728,0.014558553695678711,10.356541872024536,0.231,0.186
23,30,10,162,16,2,ElectricalGridStability,4,1150.9280226230621,0.015095710754394531,10.646528244018555,0.251,0.201
23,30,10,163,16,3,ElectricalGridStability,4,1095.1245093345642,0.019987821578979492,10.750222444534302,0.242,0.207
23,30,10,164,16,4,ElectricalGridStability,4,1208.5684270858765,0.01790332794189453,11.1533043384552,0.231,0.19
23,30,10,165,16,5,ElectricalGridStability,4,1102.3365666866302,0.014698266983032227,9.842133283615112,0.238,0.19
23,30,10,166,16,6,ElectricalGridStability,4,1195.5838513374329,0.014781475067138672,10.629525899887085,0.227,0.18
23,30,10,167,16,7,ElectricalGridStability,4,1204.7587261199951,0.015040159225463867,11.134414911270142,0.21,0.185
23,30,10,168,16,8,ElectricalGridStability,4,1111.0731256008148,0.01458740234375,10.085516691207886,0.238,0.203
23,30,10,169,16,9,ElectricalGridStability,4,1178.5111918449402,0.014600753784179688,10.964678525924683,0.218,0.207
23,30,10,170,17,0,ElectricalGridStability,4,1161.499171257019,0.01481175422668457,10.790334463119507,0.216,0.196
23,30,10,171,17,1,ElectricalGridStability,4,1178.3537635803223,0.01633000373840332,10.577551126480103,0.232,0.193
23,30,10,172,17,2,ElectricalGridStability,4,1110.517437696457,0.014418363571166992,10.941647052764893,0.253,0.204
23,30,10,173,17,3,ElectricalGridStability,4,1214.4223432540894,0.01412057876586914,10.353487253189087,0.24,0.186
23,30,10,174,17,4,ElectricalGridStability,4,1106.1050786972046,0.018648147583007812,11.18872857093811,0.252,0.209
23,30,10,175,17,5,ElectricalGridStability,4,1171.5184173583984,0.018773794174194336,11.425477743148804,0.207,0.198
23,30,10,176,17,6,ElectricalGridStability,4,1115.4535083770752,0.01511693000793457,9.891887426376343,0.24,0.199
23,30,10,177,17,7,ElectricalGridStability,4,1110.0635952949524,0.016189098358154297,10.188945293426514,0.234,0.192
23,30,10,178,17,8,ElectricalGridStability,4,1252.6106503009796,0.01580333709716797,11.12289547920227,0.222,0.204
23,30,10,179,17,9,ElectricalGridStability,4,1207.6578879356384,0.020305633544921875,10.777966737747192,0.252,0.201
23,30,10,180,18,0,ElectricalGridStability,4,1139.497172832489,0.02164769172668457,10.497240781784058,0.233,0.207
23,30,10,181,18,1,ElectricalGridStability,4,1264.096700668335,0.016196489334106445,11.029181718826294,0.233,0.213
23,30,10,182,18,2,ElectricalGridStability,4,1181.329644203186,0.014930248260498047,11.051572322845459,0.219,0.194
23,30,10,183,18,3,ElectricalGridStability,4,1210.9589655399323,0.018781423568725586,10.898905038833618,0.216,0.187
23,30,10,184,18,4,ElectricalGridStability,4,1205.303013086319,0.014995336532592773,11.982929468154907,0.234,0.213
23,30,10,185,18,5,ElectricalGridStability,4,1163.66255235672,0.014620542526245117,10.139423370361328,0.222,0.187
23,30,10,186,18,6,ElectricalGridStability,4,1212.0509793758392,0.015583276748657227,10.516595840454102,0.231,0.211
23,30,10,187,18,7,ElectricalGridStability,4,1156.7265548706055,0.015514850616455078,10.339220523834229,0.256,0.2
23,30,10,188,18,8,ElectricalGridStability,4,1169.5719964504242,0.015639305114746094,11.208155632019043,0.237,0.199
23,30,10,189,18,9,ElectricalGridStability,4,1156.5668122768402,0.014900922775268555,10.119998455047607,0.2,0.158
23,30,10,190,19,0,ElectricalGridStability,4,1266.620867729187,0.016605854034423828,11.09609317779541,0.226,0.192
23,30,10,191,19,1,ElectricalGridStability,4,1285.263074874878,0.015444278717041016,11.87431526184082,0.226,0.222
23,30,10,192,19,2,ElectricalGridStability,4,1238.5705871582031,0.014949321746826172,10.554085493087769,0.222,0.201
23,30,10,193,19,3,ElectricalGridStability,4,1088.6024713516235,0.015140295028686523,10.566805601119995,0.217,0.206
23,30,10,194,19,4,ElectricalGridStability,4,1093.8292186260223,0.020351171493530273,10.783595085144043,0.211,0.201
23,30,10,195,19,5,ElectricalGridStability,4,1153.708163022995,0.02158808708190918,10.502529382705688,0.241,0.178
23,30,10,196,19,6,ElectricalGridStability,4,1170.2550241947174,0.014681100845336914,10.801918506622314,0.222,0.189
23,30,10,197,19,7,ElectricalGridStability,4,1227.3199715614319,0.019063711166381836,11.255343198776245,0.221,0.179
23,30,10,198,19,8,ElectricalGridStability,4,1191.6548998355865,0.01559901237487793,11.183069705963135,0.243,0.207
23,30,10,199,19,9,ElectricalGridStability,4,1259.6347105503082,0.015993833541870117,11.039737462997437,0.232,0.205
23,30,10,200,20,0,ElectricalGridStability,4,1133.4287786483765,0.01454782485961914,11.088496923446655,0.239,0.201
23,30,10,201,20,1,ElectricalGridStability,4,1198.2977929115295,0.016846895217895508,10.586554050445557,0.229,0.192
23,30,10,202,20,2,ElectricalGridStability,4,1143.2214975357056,0.014548540115356445,10.24552845954895,0.234,0.192
23,30,10,203,20,3,ElectricalGridStability,4,1142.783765554428,0.018724918365478516,10.763293981552124,0.234,0.191
23,30,10,204,20,4,ElectricalGridStability,4,1183.6011815071106,0.014598369598388672,11.254906177520752,0.256,0.189
23,30,10,205,20,5,ElectricalGridStability,4,1192.961674451828,0.01492929458618164,10.659006834030151,0.221,0.219
23,30,10,206,20,6,ElectricalGridStability,4,1144.8775236606598,0.014099359512329102,10.848470211029053,0.232,0.204
23,30,10,207,20,7,ElectricalGridStability,4,1187.3874933719635,0.0211029052734375,10.510261058807373,0.228,0.207
23,30,10,208,20,8,ElectricalGridStability,4,1153.9376347064972,0.016134977340698242,10.624405145645142,0.211,0.19
23,30,10,209,20,9,ElectricalGridStability,4,1089.1165373325348,0.01967906951904297,10.110992193222046,0.245,0.183
23,30,10,210,21,0,ElectricalGridStability,4,1211.2022354602814,0.015551090240478516,10.994074583053589,0.215,0.195
23,30,10,211,21,1,ElectricalGridStability,4,1205.6408982276917,0.015144824981689453,11.261690139770508,0.248,0.218
23,30,10,212,21,2,ElectricalGridStability,4,1240.035831451416,0.015330791473388672,10.718620538711548,0.197,0.207
23,30,10,213,21,3,ElectricalGridStability,4,1159.111251592636,0.01488184928894043,11.09496521949768,0.22,0.198
23,30,10,214,21,4,ElectricalGridStability,4,1179.1213855743408,0.018534421920776367,10.976831674575806,0.224,0.184
23,30,10,215,21,5,ElectricalGridStability,4,1243.1881630420685,0.015218257904052734,11.299671649932861,0.253,0.216
23,30,10,216,21,6,ElectricalGridStability,4,1136.7665662765503,0.015570640563964844,11.345138788223267,0.22,0.202
23,30,10,217,21,7,ElectricalGridStability,4,1218.187822818756,0.015313148498535156,11.073049545288086,0.251,0.191
23,30,10,218,21,8,ElectricalGridStability,4,1157.6398026943207,0.015575408935546875,10.52925181388855,0.213,0.183
23,30,10,219,21,9,ElectricalGridStability,4,1270.5692148208618,0.022849559783935547,10.193822145462036,0.228,0.186
23,30,10,220,22,0,ElectricalGridStability,4,1252.1273910999298,0.016011714935302734,10.73460054397583,0.224,0.17
23,30,10,221,22,1,ElectricalGridStability,4,1186.0827293395996,0.015354394912719727,11.50238299369812,0.234,0.201
23,30,10,222,22,2,ElectricalGridStability,4,1132.7313284873962,0.014411687850952148,11.000576496124268,0.223,0.212
23,30,10,223,22,3,ElectricalGridStability,4,1024.1236863136292,0.01510930061340332,10.151514768600464,0.22,0.21
23,30,10,224,22,4,ElectricalGridStability,4,1190.6328172683716,0.015378713607788086,11.012543678283691,0.229,0.191
23,30,10,225,22,5,ElectricalGridStability,4,1107.3375475406647,0.013803243637084961,11.21027660369873,0.236,0.211
23,30,10,226,22,6,ElectricalGridStability,4,1142.9986612796783,0.01503443717956543,10.31072735786438,0.215,0.208
23,30,10,227,22,7,ElectricalGridStability,4,1249.4672799110413,0.01501011848449707,10.82346796989441,0.224,0.197
23,30,10,228,22,8,ElectricalGridStability,4,1167.2005083560944,0.014542102813720703,10.419597864151001,0.218,0.195
23,30,10,229,22,9,ElectricalGridStability,4,1122.6734764575958,0.015297889709472656,11.194236516952515,0.23,0.192
23,30,10,230,23,0,ElectricalGridStability,4,1230.6473181247711,0.019262313842773438,10.8392493724823,0.229,0.2
23,30,10,231,23,1,ElectricalGridStability,4,1150.9459221363068,0.014777660369873047,9.836793184280396,0.22,0.176
23,30,10,232,23,2,ElectricalGridStability,4,1169.1231908798218,0.014991044998168945,10.657488107681274,0.232,0.181
23,30,10,233,23,3,ElectricalGridStability,4,1128.9972822666168,0.02045464515686035,10.923916101455688,0.229,0.187
23,30,10,234,23,4,ElectricalGridStability,4,1186.5291466712952,0.014703750610351562,11.041258335113525,0.241,0.191
23,30,10,235,23,5,ElectricalGridStability,4,1110.0523273944855,0.014297246932983398,9.866549491882324,0.249,0.196
23,30,10,236,23,6,ElectricalGridStability,4,1236.128649711609,0.017303943634033203,11.259981632232666,0.209,0.188
23,30,10,237,23,7,ElectricalGridStability,4,1186.4661054611206,0.013974666595458984,10.993971109390259,0.245,0.2
23,30,10,238,23,8,ElectricalGridStability,4,1192.230786561966,0.016244888305664062,10.577577114105225,0.237,0.19
23,30,10,239,23,9,ElectricalGridStability,4,1263.0459897518158,0.015744924545288086,10.831079244613647,0.215,0.172
23,30,10,240,24,0,ElectricalGridStability,4,1153.0111849308014,0.016909360885620117,10.094156265258789,0.242,0.181
23,30,10,241,24,1,ElectricalGridStability,4,1127.4676315784454,0.016965627670288086,11.303008317947388,0.208,0.201
23,30,10,242,24,2,ElectricalGridStability,4,1136.2460808753967,0.01514744758605957,10.788108587265015,0.232,0.194
23,30,10,243,24,3,ElectricalGridStability,4,1197.4802751541138,0.015126228332519531,11.140108108520508,0.229,0.188
23,30,10,244,24,4,ElectricalGridStability,4,1151.587250471115,0.015084028244018555,11.508515119552612,0.234,0.215
23,30,10,245,24,5,ElectricalGridStability,4,1195.9319252967834,0.020972728729248047,10.88961672782898,0.242,0.194
23,30,10,246,24,6,ElectricalGridStability,4,1165.247300863266,0.020596027374267578,11.123159885406494,0.236,0.196
23,30,10,247,24,7,ElectricalGridStability,4,1220.627878189087,0.015331506729125977,10.970386028289795,0.205,0.196
23,30,10,248,24,8,ElectricalGridStability,4,1177.9526159763336,0.01555323600769043,10.900207042694092,0.224,0.221
23,30,10,249,24,9,ElectricalGridStability,4,1240.8834612369537,0.01520085334777832,11.106034994125366,0.215,0.204
23,30,10,250,25,0,ElectricalGridStability,4,1141.4353659152985,0.015345573425292969,10.77304482460022,0.221,0.196
23,30,10,251,25,1,ElectricalGridStability,4,1192.8735432624817,0.015665054321289062,11.09939694404602,0.223,0.184
23,30,10,252,25,2,ElectricalGridStability,4,1146.5621938705444,0.02090144157409668,10.83480453491211,0.206,0.183
23,30,10,253,25,3,ElectricalGridStability,4,1141.9483609199524,0.016632556915283203,10.369988203048706,0.249,0.194
23,30,10,254,25,4,ElectricalGridStability,4,1166.257830619812,0.015277385711669922,11.88454818725586,0.238,0.199
23,30,10,255,25,5,ElectricalGridStability,4,1189.5471019744873,0.014752388000488281,11.11064338684082,0.244,0.189
23,30,10,256,25,6,ElectricalGridStability,4,1243.8474686145782,0.014852523803710938,11.948018074035645,0.22,0.187
23,30,10,257,25,7,ElectricalGridStability,4,1132.1278297901154,0.014925479888916016,10.183607339859009,0.226,0.194
23,30,10,258,25,8,ElectricalGridStability,4,1108.7187433242798,0.014216184616088867,10.466807126998901,0.231,0.192
23,30,10,259,25,9,ElectricalGridStability,4,1217.0111021995544,0.021345138549804688,11.013592958450317,0.241,0.186
23,30,10,260,26,0,ElectricalGridStability,4,1151.809184551239,0.014490127563476562,10.144881963729858,0.211,0.184
23,30,10,261,26,1,ElectricalGridStability,4,1149.0905730724335,0.013789176940917969,10.428042650222778,0.217,0.186
23,30,10,262,26,2,ElectricalGridStability,4,1198.7767791748047,0.01553654670715332,10.985212564468384,0.217,0.21
23,30,10,263,26,3,ElectricalGridStability,4,1243.648188829422,0.015323877334594727,10.77632737159729,0.222,0.176
23,30,10,264,26,4,ElectricalGridStability,4,1208.2513258457184,0.014205217361450195,11.196170568466187,0.216,0.211
23,30,10,265,26,5,ElectricalGridStability,4,1117.5514948368073,0.01803135871887207,9.703774213790894,0.238,0.194
23,30,10,266,26,6,ElectricalGridStability,4,1111.6972925662994,0.014498233795166016,10.587114095687866,0.243,0.188
23,30,10,267,26,7,ElectricalGridStability,4,1157.8989427089691,0.014910459518432617,10.311457395553589,0.233,0.216
23,30,10,268,26,8,ElectricalGridStability,4,1161.502717256546,0.01598334312438965,10.561720848083496,0.248,0.205
23,30,10,269,26,9,ElectricalGridStability,4,1206.8219044208527,0.014883756637573242,10.193434000015259,0.211,0.169
23,30,10,270,27,0,ElectricalGridStability,4,1113.2570400238037,0.014307737350463867,10.04273271560669,0.207,0.198
23,30,10,271,27,1,ElectricalGridStability,4,1277.371563911438,0.021910429000854492,11.11461091041565,0.232,0.189
23,30,10,272,27,2,ElectricalGridStability,4,1143.1817955970764,0.014687061309814453,10.6628999710083,0.235,0.209
23,30,10,273,27,3,ElectricalGridStability,4,1135.8053605556488,0.014982223510742188,10.967814683914185,0.234,0.223
23,30,10,274,27,4,ElectricalGridStability,4,1161.4215016365051,0.021051883697509766,11.420475482940674,0.228,0.198
23,30,10,275,27,5,ElectricalGridStability,4,1129.0549778938293,0.015460729598999023,10.939040660858154,0.232,0.19
23,30,10,276,27,6,ElectricalGridStability,4,1305.399867773056,0.01586604118347168,10.762679815292358,0.214,0.18
23,30,10,277,27,7,ElectricalGridStability,4,1229.9681046009064,0.015741348266601562,10.795076131820679,0.214,0.194
23,30,10,278,27,8,ElectricalGridStability,4,1149.9814064502716,0.01505136489868164,11.300863981246948,0.234,0.222
23,30,10,279,27,9,ElectricalGridStability,4,1094.5569367408752,0.020085811614990234,10.292160272598267,0.222,0.22
23,30,10,280,28,0,ElectricalGridStability,4,1189.687061548233,0.015012502670288086,10.71324872970581,0.233,0.197
23,30,10,281,28,1,ElectricalGridStability,4,1184.1394102573395,0.014894723892211914,10.012032508850098,0.237,0.183
23,30,10,282,28,2,ElectricalGridStability,4,1241.5067172050476,0.021797657012939453,11.87244200706482,0.238,0.192
23,30,10,283,28,3,ElectricalGridStability,4,1197.8956644535065,0.021771907806396484,11.131943225860596,0.207,0.179
23,30,10,284,28,4,ElectricalGridStability,4,1100.9531676769257,0.013935089111328125,10.904014110565186,0.243,0.203
23,30,10,285,28,5,ElectricalGridStability,4,1155.8230249881744,0.014145612716674805,11.438636302947998,0.228,0.182
23,30,10,286,28,6,ElectricalGridStability,4,1176.4136538505554,0.020892858505249023,10.837666034698486,0.222,0.2
23,30,10,287,28,7,ElectricalGridStability,4,1177.1160924434662,0.014587640762329102,10.537495851516724,0.21,0.207
23,30,10,288,28,8,ElectricalGridStability,4,1093.567238330841,0.013999700546264648,9.852114915847778,0.237,0.195
23,30,10,289,28,9,ElectricalGridStability,4,1113.9926524162292,0.015084981918334961,10.972385883331299,0.242,0.212
23,30,10,290,29,0,ElectricalGridStability,4,1147.7570159435272,0.0184786319732666,11.024102926254272,0.241,0.204
23,30,10,291,29,1,ElectricalGridStability,4,1131.7634613513947,0.014378547668457031,11.03924822807312,0.232,0.201
23,30,10,292,29,2,ElectricalGridStability,4,1117.862327337265,0.014811277389526367,9.856666803359985,0.232,0.194
23,30,10,293,29,3,ElectricalGridStability,4,1186.4164128303528,0.016038894653320312,10.38995623588562,0.231,0.213
23,30,10,294,29,4,ElectricalGridStability,4,1140.8063542842865,0.01437067985534668,10.149333238601685,0.227,0.202
23,30,10,295,29,5,ElectricalGridStability,4,1246.6567342281342,0.014795541763305664,11.711252927780151,0.225,0.205
23,30,10,296,29,6,ElectricalGridStability,4,1161.2261357307434,0.014115095138549805,11.76094651222229,0.214,0.184
23,30,10,297,29,7,ElectricalGridStability,4,1190.6487920284271,0.018490314483642578,10.868234634399414,0.234,0.184
23,30,10,298,29,8,ElectricalGridStability,4,1113.3836119174957,0.014661550521850586,10.099611043930054,0.21,0.18
23,30,10,299,29,9,ElectricalGridStability,4,1162.101101398468,0.015282869338989258,9.933553218841553,0.234,0.196
