Options(Standardize=True, initial_k=1, p_parameter=0.01, h_threshold=1, dm_case=1, s_parameter=0.15, dm_threshold=3, update_s_parameter=True, return_full_dm=False, return_full_history=False, iteration_threshold=1000000.0, kmeans_random_state=None, distance_method=4, kmeans_method=2)
20,30,10,0,0,0,ElectricalFaultClassification,4,107.56733107566833,0.0049479007720947266,1.7947852611541748,0.18297331639135958,0.17662007623888182
20,30,10,1,0,1,ElectricalFaultClassification,4,91.00673866271973,0.0032453536987304688,1.6419219970703125,0.18193384223918574,0.17557251908396945
20,30,10,2,0,2,ElectricalFaultClassification,4,109.21273994445801,0.003484487533569336,1.6625208854675293,0.17048346055979643,0.17938931297709923
20,30,10,3,0,3,ElectricalFaultClassification,4,82.28404092788696,0.0037589073181152344,1.735520601272583,0.18447837150127228,0.1806615776081425
20,30,10,4,0,4,ElectricalFaultClassification,4,196.40425395965576,0.00410151481628418,1.9772117137908936,0.18447837150127228,0.178117048346056
20,30,10,5,0,5,ElectricalFaultClassification,4,93.74365043640137,0.0030133724212646484,1.6862261295318604,0.17938931297709923,0.17938931297709923
20,30,10,6,0,6,ElectricalFaultClassification,4,36.36398124694824,0.001741647720336914,1.3025481700897217,0.18193384223918574,0.1450381679389313
20,30,10,7,0,7,ElectricalFaultClassification,4,93.45812606811523,0.002668619155883789,1.5843756198883057,0.183206106870229,0.183206106870229
20,30,10,8,0,8,ElectricalFaultClassification,4,109.73314833641052,0.0032045841217041016,1.7443428039550781,0.16539440203562342,0.16030534351145037
20,30,10,9,0,9,ElectricalFaultClassification,4,89.03302597999573,0.0031194686889648438,1.5779056549072266,0.15521628498727735,0.15648854961832062
20,30,10,10,1,0,ElectricalFaultClassification,4,77.59955191612244,0.0025475025177001953,1.704157829284668,0.17407878017789072,0.16772554002541296
20,30,10,11,1,1,ElectricalFaultClassification,4,89.69344425201416,0.0028209686279296875,1.575373888015747,0.17302798982188294,0.16030534351145037
20,30,10,12,1,2,ElectricalFaultClassification,4,90.35368776321411,0.0031070709228515625,1.6150922775268555,0.1806615776081425,0.18447837150127228
20,30,10,13,1,3,ElectricalFaultClassification,4,78.98024082183838,0.0024650096893310547,1.5823383331298828,0.17557251908396945,0.17048346055979643
20,30,10,14,1,4,ElectricalFaultClassification,4,82.09686851501465,0.003207683563232422,1.655247688293457,0.1806615776081425,0.16412213740458015
20,30,10,15,1,5,ElectricalFaultClassification,4,110.98682236671448,0.002943277359008789,1.7647624015808105,0.17684478371501272,0.1743002544529262
20,30,10,16,1,6,ElectricalFaultClassification,4,112.66273760795593,0.0027747154235839844,1.7028863430023193,0.17557251908396945,0.16793893129770993
20,30,10,17,1,7,ElectricalFaultClassification,4,134.04752254486084,0.0034635066986083984,1.927593469619751,0.1984732824427481,0.17557251908396945
20,30,10,18,1,8,ElectricalFaultClassification,4,88.78942561149597,0.0029752254486083984,1.7193083763122559,0.17302798982188294,0.16666666666666666
20,30,10,19,1,9,ElectricalFaultClassification,4,98.59308767318726,0.002940654754638672,1.7037708759307861,0.1806615776081425,0.1743002544529262
20,30,10,20,2,0,ElectricalFaultClassification,4,80.09869623184204,0.002959012985229492,1.5158581733703613,0.19567979669631513,0.1905972045743329
20,30,10,21,2,1,ElectricalFaultClassification,4,129.65828943252563,0.003011941909790039,1.837561845779419,0.1984732824427481,0.19338422391857507
20,30,10,22,2,2,ElectricalFaultClassification,4,80.38616442680359,0.002919435501098633,1.6767444610595703,0.17557251908396945,0.16666666666666666
20,30,10,23,2,3,ElectricalFaultClassification,4,435.85897850990295,0.004664421081542969,2.1958553791046143,0.19974554707379136,0.20229007633587787
20,30,10,24,2,4,ElectricalFaultClassification,4,96.33156752586365,0.0029878616333007812,1.692908525466919,0.19720101781170485,0.18829516539440203
20,30,10,25,2,5,ElectricalFaultClassification,4,117.06797170639038,0.002765655517578125,1.7161564826965332,0.178117048346056,0.18193384223918574
20,30,10,26,2,6,ElectricalFaultClassification,4,76.34219336509705,0.003226041793823242,1.5886492729187012,0.19083969465648856,0.18702290076335878
20,30,10,27,2,7,ElectricalFaultClassification,4,102.23393225669861,0.002994060516357422,1.8485021591186523,0.17938931297709923,0.16793893129770993
20,30,10,28,2,8,ElectricalFaultClassification,4,116.62036609649658,0.002763032913208008,1.7708091735839844,0.19338422391857507,0.16539440203562342
20,30,10,29,2,9,ElectricalFaultClassification,4,100.41889262199402,0.0028502941131591797,1.6433396339416504,0.17557251908396945,0.15903307888040713
20,30,10,30,3,0,ElectricalFaultClassification,4,84.75702619552612,0.002903461456298828,1.68190336227417,0.17026683608640406,0.156289707750953
20,30,10,31,3,1,ElectricalFaultClassification,4,93.83385920524597,0.0027625560760498047,1.614858627319336,0.1743002544529262,0.16793893129770993
20,30,10,32,3,2,ElectricalFaultClassification,4,178.72932147979736,0.0030012130737304688,2.0770068168640137,0.1743002544529262,0.17557251908396945
20,30,10,33,3,3,ElectricalFaultClassification,4,115.89763045310974,0.003410816192626953,1.7588214874267578,0.1692111959287532,0.16666666666666666
20,30,10,34,3,4,ElectricalFaultClassification,4,113.48183393478394,0.003098726272583008,1.6892411708831787,0.1692111959287532,0.17938931297709923
20,30,10,35,3,5,ElectricalFaultClassification,4,95.21814012527466,0.0029489994049072266,1.6534411907196045,0.17938931297709923,0.1717557251908397
20,30,10,36,3,6,ElectricalFaultClassification,4,93.58527398109436,0.003263235092163086,1.7135851383209229,0.1895674300254453,0.15012722646310434
20,30,10,37,3,7,ElectricalFaultClassification,4,100.86034750938416,0.0025789737701416016,1.6434111595153809,0.17684478371501272,0.16666666666666666
20,30,10,38,3,8,ElectricalFaultClassification,4,154.6226499080658,0.0026192665100097656,1.9495880603790283,0.183206106870229,0.1921119592875318
20,30,10,39,3,9,ElectricalFaultClassification,4,88.82794618606567,0.002992391586303711,1.661625862121582,0.183206106870229,0.183206106870229
20,30,10,40,4,0,ElectricalFaultClassification,4,70.3533341884613,0.002695322036743164,1.540475606918335,0.16899618805590852,0.1613722998729352
20,30,10,41,4,1,ElectricalFaultClassification,4,85.3186583518982,0.0029478073120117188,1.6420941352844238,0.17048346055979643,0.1692111959287532
20,30,10,42,4,2,ElectricalFaultClassification,4,115.10126328468323,0.0034377574920654297,1.8286731243133545,0.18447837150127228,0.17684478371501272
20,30,10,43,4,3,ElectricalFaultClassification,4,83.87123775482178,0.003027200698852539,1.6568737030029297,0.17302798982188294,0.17684478371501272
20,30,10,44,4,4,ElectricalFaultClassification,4,83.6222288608551,0.0032401084899902344,1.6198077201843262,0.17048346055979643,0.16412213740458015
20,30,10,45,4,5,ElectricalFaultClassification,4,105.64034390449524,0.002505779266357422,1.6548867225646973,0.178117048346056,0.16793893129770993
20,30,10,46,4,6,ElectricalFaultClassification,4,35.84828591346741,0.0019893646240234375,1.3702056407928467,0.18193384223918574,0.16666666666666666
20,30,10,47,4,7,ElectricalFaultClassification,4,103.39846134185791,0.0034027099609375,1.6585142612457275,0.17302798982188294,0.16539440203562342
20,30,10,48,4,8,ElectricalFaultClassification,4,100.12717390060425,0.0029892921447753906,1.7463431358337402,0.17684478371501272,0.1692111959287532
20,30,10,49,4,9,ElectricalFaultClassification,4,89.65395903587341,0.003498077392578125,1.6150026321411133,0.178117048346056,0.17684478371501272
20,30,10,50,5,0,ElectricalFaultClassification,4,92.025066614151,0.0025212764739990234,1.7071020603179932,0.17916137229987295,0.17280813214739518
20,30,10,51,5,1,ElectricalFaultClassification,4,128.27037715911865,0.0028524398803710938,1.8588299751281738,0.17938931297709923,0.16666666666666666
20,30,10,52,5,2,ElectricalFaultClassification,4,30.992310523986816,0.002645254135131836,1.3034641742706299,0.1743002544529262,0.1628498727735369
20,30,10,53,5,3,ElectricalFaultClassification,4,97.57112526893616,0.0030350685119628906,1.6922621726989746,0.17938931297709923,0.1743002544529262
20,30,10,54,5,4,ElectricalFaultClassification,4,94.02662944793701,0.003122568130493164,1.7205548286437988,0.18575063613231552,0.17684478371501272
20,30,10,55,5,5,ElectricalFaultClassification,4,89.3994243144989,0.0031762123107910156,1.690094232559204,0.17938931297709923,0.16412213740458015
20,30,10,56,5,6,ElectricalFaultClassification,4,75.56596064567566,0.002962350845336914,1.6120824813842773,0.1628498727735369,0.15776081424936386
20,30,10,57,5,7,ElectricalFaultClassification,4,112.82867574691772,0.0031850337982177734,1.7510359287261963,0.17048346055979643,0.16412213740458015
20,30,10,58,5,8,ElectricalFaultClassification,4,85.25685405731201,0.004074811935424805,1.6259136199951172,0.17302798982188294,0.1628498727735369
20,30,10,59,5,9,ElectricalFaultClassification,4,36.72581601142883,0.0028858184814453125,1.3220758438110352,0.17048346055979643,0.16030534351145037
20,30,10,60,6,0,ElectricalFaultClassification,4,80.43846368789673,0.003078460693359375,1.5645513534545898,0.18170266836086404,0.17662007623888182
20,30,10,61,6,1,ElectricalFaultClassification,4,87.5283887386322,0.003386259078979492,1.7217648029327393,0.18829516539440203,0.1692111959287532
20,30,10,62,6,2,ElectricalFaultClassification,4,112.84751272201538,0.0030324459075927734,1.758795976638794,0.17048346055979643,0.16793893129770993
20,30,10,63,6,3,ElectricalFaultClassification,4,84.23462438583374,0.0034363269805908203,1.6334190368652344,0.19720101781170485,0.17557251908396945
20,30,10,64,6,4,ElectricalFaultClassification,4,91.88271164894104,0.002924203872680664,1.6502113342285156,0.183206106870229,0.178117048346056
20,30,10,65,6,5,ElectricalFaultClassification,4,105.41805028915405,0.002985715866088867,1.7321336269378662,0.16666666666666666,0.1628498727735369
20,30,10,66,6,6,ElectricalFaultClassification,4,85.60944437980652,0.003259420394897461,1.53562593460083,0.18193384223918574,0.18702290076335878
20,30,10,67,6,7,ElectricalFaultClassification,4,102.23940229415894,0.0028829574584960938,1.7861273288726807,0.1895674300254453,0.1806615776081425
20,30,10,68,6,8,ElectricalFaultClassification,4,97.01792693138123,0.002611875534057617,1.7336070537567139,0.1806615776081425,0.1717557251908397
20,30,10,69,6,9,ElectricalFaultClassification,4,47.20892953872681,0.002761363983154297,1.4068946838378906,0.16793893129770993,0.16539440203562342
20,30,10,70,7,0,ElectricalFaultClassification,4,79.60287046432495,0.0032477378845214844,1.601151466369629,0.17407878017789072,0.16264294790343076
20,30,10,71,7,1,ElectricalFaultClassification,4,78.70191192626953,0.0025925636291503906,1.7013218402862549,0.17684478371501272,0.18193384223918574
20,30,10,72,7,2,ElectricalFaultClassification,4,101.86199188232422,0.0029861927032470703,1.665673017501831,0.1717557251908397,0.1743002544529262
20,30,10,73,7,3,ElectricalFaultClassification,4,136.28305983543396,0.002949237823486328,1.9129931926727295,0.17684478371501272,0.1806615776081425
20,30,10,74,7,4,ElectricalFaultClassification,4,127.80278635025024,0.0030374526977539062,1.805849552154541,0.178117048346056,0.1692111959287532
20,30,10,75,7,5,ElectricalFaultClassification,4,146.56717085838318,0.0034749507904052734,1.8921887874603271,0.17684478371501272,0.15648854961832062
20,30,10,76,7,6,ElectricalFaultClassification,4,36.76666760444641,0.0026111602783203125,1.4423766136169434,0.16793893129770993,0.15648854961832062
20,30,10,77,7,7,ElectricalFaultClassification,4,91.30836391448975,0.0026807785034179688,1.6272368431091309,0.17557251908396945,0.17557251908396945
20,30,10,78,7,8,ElectricalFaultClassification,4,103.44009065628052,0.003630399703979492,1.6860649585723877,0.17557251908396945,0.1717557251908397
20,30,10,79,7,9,ElectricalFaultClassification,4,74.39251947402954,0.003284454345703125,1.5149407386779785,0.1717557251908397,0.16539440203562342
20,30,10,80,8,0,ElectricalFaultClassification,4,112.83094215393066,0.0033111572265625,1.7901158332824707,0.1855146124523507,0.1639135959339263
20,30,10,81,8,1,ElectricalFaultClassification,4,87.2454514503479,0.002698183059692383,1.4413416385650635,0.1717557251908397,0.16666666666666666
20,30,10,82,8,2,ElectricalFaultClassification,4,79.27554082870483,0.0028569698333740234,1.5787382125854492,0.19083969465648856,0.1743002544529262
20,30,10,83,8,3,ElectricalFaultClassification,4,98.91808271408081,0.003179311752319336,1.710270881652832,0.18575063613231552,0.1806615776081425
20,30,10,84,8,4,ElectricalFaultClassification,4,119.10926580429077,0.003367900848388672,1.861724853515625,0.1806615776081425,0.16030534351145037
20,30,10,85,8,5,ElectricalFaultClassification,4,94.86617231369019,0.003289937973022461,1.7267651557922363,0.1692111959287532,0.16539440203562342
20,30,10,86,8,6,ElectricalFaultClassification,4,91.32526898384094,0.003531932830810547,1.7040743827819824,0.1984732824427481,0.19720101781170485
20,30,10,87,8,7,ElectricalFaultClassification,4,95.89509415626526,0.003255128860473633,1.6818325519561768,0.1692111959287532,0.16539440203562342
20,30,10,88,8,8,ElectricalFaultClassification,4,84.62720847129822,0.0033147335052490234,1.6114695072174072,0.18829516539440203,0.1806615776081425
20,30,10,89,8,9,ElectricalFaultClassification,4,103.3116500377655,0.003393411636352539,1.7349250316619873,0.1806615776081425,0.18447837150127228
20,30,10,90,9,0,ElectricalFaultClassification,4,90.78523635864258,0.002835988998413086,1.6059162616729736,0.1639135959339263,0.15247776365946633
20,30,10,91,9,1,ElectricalFaultClassification,4,118.69299054145813,0.003576517105102539,1.8050603866577148,0.19338422391857507,0.17557251908396945
20,30,10,92,9,2,ElectricalFaultClassification,4,113.90067601203918,0.002728700637817383,1.7673392295837402,0.18702290076335878,0.1743002544529262
20,30,10,93,9,3,ElectricalFaultClassification,4,146.14419841766357,0.003326892852783203,1.8279943466186523,0.19592875318066158,0.18575063613231552
20,30,10,94,9,4,ElectricalFaultClassification,4,87.95330119132996,0.002797842025756836,1.7077381610870361,0.17557251908396945,0.15776081424936386
20,30,10,95,9,5,ElectricalFaultClassification,4,36.97916054725647,0.002706289291381836,1.368372917175293,0.18447837150127228,0.17302798982188294
20,30,10,96,9,6,ElectricalFaultClassification,4,92.90994930267334,0.0029134750366210938,1.679027795791626,0.17684478371501272,0.17302798982188294
20,30,10,97,9,7,ElectricalFaultClassification,4,91.11148142814636,0.0031599998474121094,1.7580995559692383,0.16157760814249364,0.15776081424936386
20,30,10,98,9,8,ElectricalFaultClassification,4,100.47897291183472,0.0030722618103027344,1.7811520099639893,0.16666666666666666,0.1628498727735369
20,30,10,99,9,9,ElectricalFaultClassification,4,76.50339150428772,0.0029876232147216797,1.5882160663604736,0.17302798982188294,0.17302798982188294
20,30,10,100,10,0,ElectricalFaultClassification,4,88.87038826942444,0.0030481815338134766,1.5937142372131348,0.16772554002541296,0.1588310038119441
20,30,10,101,10,1,ElectricalFaultClassification,4,83.24006175994873,0.0033159255981445312,1.5664942264556885,0.1743002544529262,0.17048346055979643
20,30,10,102,10,2,ElectricalFaultClassification,4,104.96032524108887,0.0030655860900878906,1.7612278461456299,0.183206106870229,0.17684478371501272
20,30,10,103,10,3,ElectricalFaultClassification,4,88.822345495224,0.00318145751953125,1.6335368156433105,0.16412213740458015,0.15648854961832062
20,30,10,104,10,4,ElectricalFaultClassification,4,101.5146553516388,0.0035974979400634766,1.8333547115325928,0.17938931297709923,0.15648854961832062
20,30,10,105,10,5,ElectricalFaultClassification,4,70.64035034179688,0.0033140182495117188,1.6173310279846191,0.1692111959287532,0.16030534351145037
20,30,10,106,10,6,ElectricalFaultClassification,4,83.16741132736206,0.0034041404724121094,1.7110497951507568,0.18447837150127228,0.17302798982188294
20,30,10,107,10,7,ElectricalFaultClassification,4,84.0753014087677,0.0028460025787353516,1.597198724746704,0.1717557251908397,0.17048346055979643
20,30,10,108,10,8,ElectricalFaultClassification,4,94.45415139198303,0.0027725696563720703,1.7297172546386719,0.17302798982188294,0.17684478371501272
20,30,10,109,10,9,ElectricalFaultClassification,4,87.62677383422852,0.0035021305084228516,1.6252267360687256,0.17938931297709923,0.17684478371501272
20,30,10,110,11,0,ElectricalFaultClassification,4,85.83902382850647,0.002880573272705078,1.6018738746643066,0.17153748411689962,0.17026683608640406
20,30,10,111,11,1,ElectricalFaultClassification,4,84.04773950576782,0.002887248992919922,1.6536650657653809,0.17048346055979643,0.16157760814249364
20,30,10,112,11,2,ElectricalFaultClassification,4,90.98933506011963,0.0028350353240966797,1.695735216140747,0.18447837150127228,0.178117048346056
20,30,10,113,11,3,ElectricalFaultClassification,4,128.97633409500122,0.003371000289916992,1.775050401687622,0.17557251908396945,0.17048346055979643
20,30,10,114,11,4,ElectricalFaultClassification,4,96.77496266365051,0.0032126903533935547,1.6538820266723633,0.17938931297709923,0.18193384223918574
20,30,10,115,11,5,ElectricalFaultClassification,4,73.98023104667664,0.002720355987548828,1.5936729907989502,0.1743002544529262,0.16793893129770993
20,30,10,116,11,6,ElectricalFaultClassification,4,93.25655221939087,0.002487659454345703,1.6056177616119385,0.17938931297709923,0.16412213740458015
20,30,10,117,11,7,ElectricalFaultClassification,4,363.75482988357544,0.0053310394287109375,2.117608070373535,0.19338422391857507,0.2035623409669211
20,30,10,118,11,8,ElectricalFaultClassification,4,89.65610194206238,0.0027189254760742188,1.596935749053955,0.17302798982188294,0.15776081424936386
20,30,10,119,11,9,ElectricalFaultClassification,4,63.82129788398743,0.002614259719848633,1.4589505195617676,0.1743002544529262,0.16539440203562342
20,30,10,120,12,0,ElectricalFaultClassification,4,123.82896995544434,0.003222227096557617,1.8489906787872314,0.18170266836086404,0.17789072426937738
20,30,10,121,12,1,ElectricalFaultClassification,4,84.3887369632721,0.002913951873779297,1.5208640098571777,0.1806615776081425,0.16666666666666666
20,30,10,122,12,2,ElectricalFaultClassification,4,96.07034087181091,0.002855062484741211,1.6312601566314697,0.18575063613231552,0.1692111959287532
20,30,10,123,12,3,ElectricalFaultClassification,4,112.5770902633667,0.002767801284790039,1.8140461444854736,0.16539440203562342,0.16793893129770993
20,30,10,124,12,4,ElectricalFaultClassification,4,98.17044067382812,0.0032732486724853516,1.6861164569854736,0.1743002544529262,0.178117048346056
20,30,10,125,12,5,ElectricalFaultClassification,4,86.48253011703491,0.0024645328521728516,1.729184627532959,0.1806615776081425,0.1692111959287532
20,30,10,126,12,6,ElectricalFaultClassification,4,33.786670207977295,0.0026776790618896484,1.4206275939941406,0.18447837150127228,0.1628498727735369
20,30,10,127,12,7,ElectricalFaultClassification,4,82.48148488998413,0.002760648727416992,1.7095539569854736,0.17938931297709923,0.1628498727735369
20,30,10,128,12,8,ElectricalFaultClassification,4,85.7215735912323,0.003239154815673828,1.6144347190856934,0.16157760814249364,0.16539440203562342
20,30,10,129,12,9,ElectricalFaultClassification,4,87.68868637084961,0.0032427310943603516,1.667649745941162,0.17938931297709923,0.16030534351145037
20,30,10,130,13,0,ElectricalFaultClassification,4,108.86919736862183,0.0028378963470458984,1.7161977291107178,0.1880559085133418,0.1639135959339263
20,30,10,131,13,1,ElectricalFaultClassification,4,106.388423204422,0.0026941299438476562,1.7945961952209473,0.18702290076335878,0.1717557251908397
20,30,10,132,13,2,ElectricalFaultClassification,4,106.68826818466187,0.003205537796020508,1.720017433166504,0.16666666666666666,0.17048346055979643
20,30,10,133,13,3,ElectricalFaultClassification,4,30.426111221313477,0.003721952438354492,1.279858112335205,0.17557251908396945,0.16793893129770993
20,30,10,134,13,4,ElectricalFaultClassification,4,76.46936869621277,0.0029573440551757812,1.5967397689819336,0.178117048346056,0.17302798982188294
20,30,10,135,13,5,ElectricalFaultClassification,4,105.3574116230011,0.003392457962036133,1.830920934677124,0.18193384223918574,0.178117048346056
20,30,10,136,13,6,ElectricalFaultClassification,4,80.22399926185608,0.0029001235961914062,1.6475780010223389,0.183206106870229,0.1692111959287532
20,30,10,137,13,7,ElectricalFaultClassification,4,33.27512741088867,0.002591371536254883,1.3515257835388184,0.178117048346056,0.18193384223918574
20,30,10,138,13,8,ElectricalFaultClassification,4,84.10348844528198,0.003223419189453125,1.570779800415039,0.16793893129770993,0.15776081424936386
20,30,10,139,13,9,ElectricalFaultClassification,4,96.52883648872375,0.0035288333892822266,1.6630558967590332,0.183206106870229,0.16539440203562342
20,30,10,140,14,0,ElectricalFaultClassification,4,76.72626423835754,0.003258228302001953,1.6374812126159668,0.17153748411689962,0.17280813214739518
20,30,10,141,14,1,ElectricalFaultClassification,4,72.09611201286316,0.002949953079223633,1.6350150108337402,0.17557251908396945,0.1628498727735369
20,30,10,142,14,2,ElectricalFaultClassification,4,167.1443374156952,0.003524303436279297,1.8527002334594727,0.1692111959287532,0.18447837150127228
20,30,10,143,14,3,ElectricalFaultClassification,4,94.33265495300293,0.0028967857360839844,1.7260527610778809,0.17048346055979643,0.1717557251908397
20,30,10,144,14,4,ElectricalFaultClassification,4,108.16176152229309,0.0032019615173339844,1.7119977474212646,0.17938931297709923,0.18193384223918574
20,30,10,145,14,5,ElectricalFaultClassification,4,99.67754697799683,0.002844095230102539,1.665022373199463,0.17048346055979643,0.16666666666666666
20,30,10,146,14,6,ElectricalFaultClassification,4,98.41956901550293,0.0028095245361328125,1.7013466358184814,0.18702290076335878,0.17938931297709923
20,30,10,147,14,7,ElectricalFaultClassification,4,73.2637689113617,0.0038099288940429688,1.5383961200714111,0.17938931297709923,0.15648854961832062
20,30,10,148,14,8,ElectricalFaultClassification,4,78.95662879943848,0.002622842788696289,1.6159555912017822,0.1806615776081425,0.1743002544529262
20,30,10,149,14,9,ElectricalFaultClassification,4,29.382230520248413,0.0024330615997314453,1.3331224918365479,0.18447837150127228,0.16030534351145037
20,30,10,150,15,0,ElectricalFaultClassification,4,77.79533648490906,0.0029802322387695312,1.6554889678955078,0.17662007623888182,0.17153748411689962
20,30,10,151,15,1,ElectricalFaultClassification,4,97.50200700759888,0.0027704238891601562,1.7308197021484375,0.1692111959287532,0.16412213740458015
20,30,10,152,15,2,ElectricalFaultClassification,4,108.0837070941925,0.002650737762451172,1.848524570465088,0.1806615776081425,0.17302798982188294
20,30,10,153,15,3,ElectricalFaultClassification,4,103.14458775520325,0.0033521652221679688,1.7732312679290771,0.17557251908396945,0.16157760814249364
20,30,10,154,15,4,ElectricalFaultClassification,4,99.4899890422821,0.0028145313262939453,1.7660930156707764,0.1692111959287532,0.15139949109414758
20,30,10,155,15,5,ElectricalFaultClassification,4,83.15162634849548,0.0028905868530273438,1.7026541233062744,0.1806615776081425,0.1717557251908397
20,30,10,156,15,6,ElectricalFaultClassification,4,88.6310076713562,0.002893209457397461,1.6552045345306396,0.1743002544529262,0.17302798982188294
20,30,10,157,15,7,ElectricalFaultClassification,4,87.33706903457642,0.002957582473754883,1.6176693439483643,0.1743002544529262,0.16030534351145037
20,30,10,158,15,8,ElectricalFaultClassification,4,95.34118604660034,0.0031805038452148438,1.7583003044128418,0.1806615776081425,0.183206106870229
20,30,10,159,15,9,ElectricalFaultClassification,4,99.79250049591064,0.0035445690155029297,1.7324895858764648,0.1895674300254453,0.15903307888040713
20,30,10,160,16,0,ElectricalFaultClassification,4,116.04004335403442,0.0026111602783203125,1.7575268745422363,0.18170266836086404,0.16010165184243966
20,30,10,161,16,1,ElectricalFaultClassification,4,100.37083840370178,0.003361940383911133,1.648332118988037,0.1984732824427481,0.183206106870229
20,30,10,162,16,2,ElectricalFaultClassification,4,73.2965087890625,0.0029201507568359375,1.6404943466186523,0.1692111959287532,0.16666666666666666
20,30,10,163,16,3,ElectricalFaultClassification,4,200.72348308563232,0.003571033477783203,2.002354383468628,0.19083969465648856,0.19338422391857507
20,30,10,164,16,4,ElectricalFaultClassification,4,103.21120047569275,0.0029659271240234375,1.72092604637146,0.17938931297709923,0.1743002544529262
20,30,10,165,16,5,ElectricalFaultClassification,4,92.05421566963196,0.002771139144897461,1.5980174541473389,0.178117048346056,0.16666666666666666
20,30,10,166,16,6,ElectricalFaultClassification,4,83.2150764465332,0.002671480178833008,1.5364797115325928,0.17938931297709923,0.15776081424936386
20,30,10,167,16,7,ElectricalFaultClassification,4,119.82027173042297,0.003528118133544922,1.8549885749816895,0.18575063613231552,0.1806615776081425
20,30,10,168,16,8,ElectricalFaultClassification,4,95.53140187263489,0.0029938220977783203,1.7490754127502441,0.178117048346056,0.1717557251908397
20,30,10,169,16,9,ElectricalFaultClassification,4,81.26336741447449,0.0031228065490722656,1.6259698867797852,0.19720101781170485,0.19338422391857507
20,30,10,170,17,0,ElectricalFaultClassification,4,77.09598779678345,0.0039501190185546875,1.6265347003936768,0.17916137229987295,0.16772554002541296
20,30,10,171,17,1,ElectricalFaultClassification,4,90.43430876731873,0.002970457077026367,1.7263784408569336,0.18193384223918574,0.16539440203562342
20,30,10,172,17,2,ElectricalFaultClassification,4,81.62906956672668,0.002899646759033203,1.6316449642181396,0.16539440203562342,0.15267175572519084
20,30,10,173,17,3,ElectricalFaultClassification,4,77.51560378074646,0.0028357505798339844,1.5657763481140137,0.17048346055979643,0.15776081424936386
20,30,10,174,17,4,ElectricalFaultClassification,4,87.43869113922119,0.002871274948120117,1.654693603515625,0.18447837150127228,0.183206106870229
20,30,10,175,17,5,ElectricalFaultClassification,4,97.76806688308716,0.0035533905029296875,1.765690565109253,0.1692111959287532,0.1717557251908397
20,30,10,176,17,6,ElectricalFaultClassification,4,75.07228446006775,0.0028994083404541016,1.5051679611206055,0.17557251908396945,0.1628498727735369
20,30,10,177,17,7,ElectricalFaultClassification,4,95.80813312530518,0.002961874008178711,1.6494314670562744,0.1743002544529262,0.1692111959287532
20,30,10,178,17,8,ElectricalFaultClassification,4,175.26573777198792,0.0032515525817871094,1.9111180305480957,0.18702290076335878,0.1717557251908397
20,30,10,179,17,9,ElectricalFaultClassification,4,78.52376627922058,0.002712249755859375,1.643143892288208,0.18193384223918574,0.17938931297709923
20,30,10,180,18,0,ElectricalFaultClassification,4,95.0738422870636,0.0032951831817626953,1.6581482887268066,0.16899618805590852,0.16899618805590852
20,30,10,181,18,1,ElectricalFaultClassification,4,117.42941665649414,0.0027310848236083984,1.7997627258300781,0.18193384223918574,0.18193384223918574
20,30,10,182,18,2,ElectricalFaultClassification,4,95.81129026412964,0.0034296512603759766,1.7156596183776855,0.19338422391857507,0.1717557251908397
20,30,10,183,18,3,ElectricalFaultClassification,4,101.70567488670349,0.002707242965698242,1.624924898147583,0.1743002544529262,0.17938931297709923
20,30,10,184,18,4,ElectricalFaultClassification,4,26.48723602294922,0.002858400344848633,1.1693086624145508,0.18575063613231552,0.1692111959287532
20,30,10,185,18,5,ElectricalFaultClassification,4,95.9736602306366,0.002953052520751953,1.7505888938903809,0.17302798982188294,0.16539440203562342
20,30,10,186,18,6,ElectricalFaultClassification,4,82.55877828598022,0.0033113956451416016,1.6214690208435059,0.178117048346056,0.1717557251908397
20,30,10,187,18,7,ElectricalFaultClassification,4,27.904231071472168,0.0025179386138916016,1.290912389755249,0.19083969465648856,0.16793893129770993
20,30,10,188,18,8,ElectricalFaultClassification,4,89.18594217300415,0.0027594566345214844,1.6283295154571533,0.1717557251908397,0.16412213740458015
20,30,10,189,18,9,ElectricalFaultClassification,4,112.80622339248657,0.0033600330352783203,1.7396166324615479,0.178117048346056,0.16412213740458015
20,30,10,190,19,0,ElectricalFaultClassification,4,101.33231401443481,0.0029883384704589844,1.693800687789917,0.16899618805590852,0.16772554002541296
20,30,10,191,19,1,ElectricalFaultClassification,4,123.0382764339447,0.0029044151306152344,1.8864853382110596,0.178117048346056,0.16666666666666666
20,30,10,192,19,2,ElectricalFaultClassification,4,82.12607479095459,0.00360870361328125,1.574826955795288,0.16793893129770993,0.16793893129770993
20,30,10,193,19,3,ElectricalFaultClassification,4,66.924320936203,0.0030164718627929688,1.505406141281128,0.18193384223918574,0.17302798982188294
20,30,10,194,19,4,ElectricalFaultClassification,4,75.4690899848938,0.0027513504028320312,1.5612201690673828,0.17302798982188294,0.17048346055979643
20,30,10,195,19,5,ElectricalFaultClassification,4,80.99035120010376,0.0027806758880615234,1.6182608604431152,0.17302798982188294,0.17048346055979643
20,30,10,196,19,6,ElectricalFaultClassification,4,96.74983406066895,0.0039038658142089844,1.749237060546875,0.17557251908396945,0.16412213740458015
20,30,10,197,19,7,ElectricalFaultClassification,4,128.96154856681824,0.0032427310943603516,1.8969862461090088,0.1921119592875318,0.18575063613231552
20,30,10,198,19,8,ElectricalFaultClassification,4,124.05052518844604,0.0034186840057373047,1.8168277740478516,0.17938931297709923,0.1743002544529262
20,30,10,199,19,9,ElectricalFaultClassification,4,72.12160277366638,0.0032711029052734375,1.531912088394165,0.1717557251908397,0.17048346055979643
20,30,10,200,20,0,ElectricalFaultClassification,4,58.706300258636475,0.0025920867919921875,1.4855287075042725,0.17916137229987295,0.17153748411689962
20,30,10,201,20,1,ElectricalFaultClassification,4,100.34097599983215,0.003337383270263672,1.7655234336853027,0.1717557251908397,0.16412213740458015
20,30,10,202,20,2,ElectricalFaultClassification,4,28.301334857940674,0.0028417110443115234,1.2211418151855469,0.1895674300254453,0.17557251908396945
20,30,10,203,20,3,ElectricalFaultClassification,4,97.22603487968445,0.0032825469970703125,1.718803882598877,0.1806615776081425,0.1717557251908397
20,30,10,204,20,4,ElectricalFaultClassification,4,73.77580428123474,0.003347158432006836,1.604677677154541,0.16793893129770993,0.16793893129770993
20,30,10,205,20,5,ElectricalFaultClassification,4,101.3769428730011,0.003212451934814453,1.6690232753753662,0.1743002544529262,0.1743002544529262
20,30,10,206,20,6,ElectricalFaultClassification,4,106.5877034664154,0.003236055374145508,1.735980749130249,0.1806615776081425,0.1806615776081425
20,30,10,207,20,7,ElectricalFaultClassification,4,113.51588654518127,0.0034198760986328125,1.9024426937103271,0.18193384223918574,0.1806615776081425
20,30,10,208,20,8,ElectricalFaultClassification,4,109.94340562820435,0.0026314258575439453,1.7357919216156006,0.178117048346056,0.15776081424936386
20,30,10,209,20,9,ElectricalFaultClassification,4,118.05172538757324,0.003495454788208008,1.829951286315918,0.183206106870229,0.17684478371501272
20,30,10,210,21,0,ElectricalFaultClassification,4,26.883464813232422,0.003504037857055664,1.2191312313079834,0.18170266836086404,0.15120711562897077
20,30,10,211,21,1,ElectricalFaultClassification,4,76.57087278366089,0.0034258365631103516,1.5526821613311768,0.17684478371501272,0.17048346055979643
20,30,10,212,21,2,ElectricalFaultClassification,4,117.77745866775513,0.003536224365234375,1.7994613647460938,0.183206106870229,0.1743002544529262
20,30,10,213,21,3,ElectricalFaultClassification,4,94.50297379493713,0.003331422805786133,1.6501965522766113,0.16793893129770993,0.16539440203562342
20,30,10,214,21,4,ElectricalFaultClassification,4,40.65056228637695,0.002783060073852539,1.4206862449645996,0.17302798982188294,0.16793893129770993
20,30,10,215,21,5,ElectricalFaultClassification,4,112.45084476470947,0.0030629634857177734,1.7459332942962646,0.17302798982188294,0.1692111959287532
20,30,10,216,21,6,ElectricalFaultClassification,4,88.93524694442749,0.002804994583129883,1.6461191177368164,0.19592875318066158,0.1806615776081425
20,30,10,217,21,7,ElectricalFaultClassification,4,91.86553239822388,0.0031545162200927734,1.629432201385498,0.17048346055979643,0.16539440203562342
20,30,10,218,21,8,ElectricalFaultClassification,4,35.2085816860199,0.0022819042205810547,1.33809494972229,0.18193384223918574,0.16030534351145037
20,30,10,219,21,9,ElectricalFaultClassification,4,33.39775896072388,0.002727508544921875,1.382164716720581,0.17557251908396945,0.16793893129770993
20,30,10,220,22,0,ElectricalFaultClassification,4,94.36644458770752,0.0036466121673583984,1.7358551025390625,0.18424396442185514,0.16518424396442186
20,30,10,221,22,1,ElectricalFaultClassification,4,295.04528617858887,0.0042378902435302734,2.0186901092529297,0.20737913486005088,0.20737913486005088
20,30,10,222,22,2,ElectricalFaultClassification,4,108.04915595054626,0.0028679370880126953,1.7690503597259521,0.17938931297709923,0.17684478371501272
20,30,10,223,22,3,ElectricalFaultClassification,4,106.86212062835693,0.003126382827758789,1.7697217464447021,0.17938931297709923,0.1806615776081425
20,30,10,224,22,4,ElectricalFaultClassification,4,75.07069778442383,0.0032231807708740234,1.5472333431243896,0.17684478371501272,0.16539440203562342
20,30,10,225,22,5,ElectricalFaultClassification,4,112.03353667259216,0.003338336944580078,1.7649543285369873,0.16793893129770993,0.1692111959287532
20,30,10,226,22,6,ElectricalFaultClassification,4,78.9249951839447,0.003201007843017578,1.5386135578155518,0.18447837150127228,0.16793893129770993
20,30,10,227,22,7,ElectricalFaultClassification,4,111.7325930595398,0.0034317970275878906,1.8973352909088135,0.17938931297709923,0.17557251908396945
20,30,10,228,22,8,ElectricalFaultClassification,4,124.94498181343079,0.003271341323852539,1.782135248184204,0.19083969465648856,0.17048346055979643
20,30,10,229,22,9,ElectricalFaultClassification,4,98.08927178382874,0.003026247024536133,1.7699408531188965,0.178117048346056,0.17302798982188294
20,30,10,230,23,0,ElectricalFaultClassification,4,90.61140131950378,0.004254579544067383,1.7007639408111572,0.17534942820838628,0.17026683608640406
20,30,10,231,23,1,ElectricalFaultClassification,4,87.2120304107666,0.003041505813598633,1.6487376689910889,0.1717557251908397,0.17048346055979643
20,30,10,232,23,2,ElectricalFaultClassification,4,84.67233276367188,0.003242969512939453,1.5807950496673584,0.17302798982188294,0.17302798982188294
20,30,10,233,23,3,ElectricalFaultClassification,4,112.55885815620422,0.0021979808807373047,1.8084022998809814,0.17557251908396945,0.16539440203562342
20,30,10,234,23,4,ElectricalFaultClassification,4,191.44541788101196,0.0035054683685302734,1.8469414710998535,0.183206106870229,0.17557251908396945
20,30,10,235,23,5,ElectricalFaultClassification,4,94.69618034362793,0.002787351608276367,1.5801048278808594,0.178117048346056,0.16666666666666666
20,30,10,236,23,6,ElectricalFaultClassification,4,79.28035950660706,0.0024261474609375,1.600235939025879,0.15776081424936386,0.15903307888040713
20,30,10,237,23,7,ElectricalFaultClassification,4,139.7842082977295,0.0031075477600097656,1.8786263465881348,0.18702290076335878,0.17938931297709923
20,30,10,238,23,8,ElectricalFaultClassification,4,98.55118036270142,0.0028617382049560547,1.674649953842163,0.17557251908396945,0.1743002544529262
20,30,10,239,23,9,ElectricalFaultClassification,4,94.54713845252991,0.0029325485229492188,1.702322244644165,0.178117048346056,0.1692111959287532
20,30,10,240,24,0,ElectricalFaultClassification,4,90.05230355262756,0.0028486251831054688,1.698791265487671,0.18424396442185514,0.17916137229987295
20,30,10,241,24,1,ElectricalFaultClassification,4,98.30686950683594,0.0029091835021972656,1.707336187362671,0.1806615776081425,0.18193384223918574
20,30,10,242,24,2,ElectricalFaultClassification,4,98.39976119995117,0.003100156784057617,1.7246692180633545,0.19338422391857507,0.15903307888040713
20,30,10,243,24,3,ElectricalFaultClassification,4,133.86194252967834,0.0037088394165039062,1.76462984085083,0.18575063613231552,0.15903307888040713
20,30,10,244,24,4,ElectricalFaultClassification,4,102.09955501556396,0.0032024383544921875,1.6716034412384033,0.178117048346056,0.18575063613231552
20,30,10,245,24,5,ElectricalFaultClassification,4,93.63782000541687,0.0033113956451416016,1.7462270259857178,0.19083969465648856,0.1692111959287532
20,30,10,246,24,6,ElectricalFaultClassification,4,134.5420594215393,0.003369569778442383,1.828195571899414,0.17557251908396945,0.183206106870229
20,30,10,247,24,7,ElectricalFaultClassification,4,100.05856347084045,0.0031409263610839844,1.6984632015228271,0.17302798982188294,0.1692111959287532
20,30,10,248,24,8,ElectricalFaultClassification,4,100.94656276702881,0.002997875213623047,1.7380847930908203,0.18447837150127228,0.1743002544529262
20,30,10,249,24,9,ElectricalFaultClassification,4,91.9672486782074,0.0028553009033203125,1.6383068561553955,0.16793893129770993,0.15903307888040713
20,30,10,250,25,0,ElectricalFaultClassification,4,119.68406939506531,0.0041522979736328125,1.7325751781463623,0.17789072426937738,0.17407878017789072
20,30,10,251,25,1,ElectricalFaultClassification,4,84.47140383720398,0.003123760223388672,1.6989924907684326,0.178117048346056,0.17048346055979643
20,30,10,252,25,2,ElectricalFaultClassification,4,86.27650284767151,0.003589630126953125,1.6960890293121338,0.1692111959287532,0.15776081424936386
20,30,10,253,25,3,ElectricalFaultClassification,4,70.63932085037231,0.0028595924377441406,1.5155229568481445,0.1743002544529262,0.16666666666666666
20,30,10,254,25,4,ElectricalFaultClassification,4,107.6410551071167,0.002829313278198242,1.7846190929412842,0.17684478371501272,0.1717557251908397
20,30,10,255,25,5,ElectricalFaultClassification,4,79.53033328056335,0.0029485225677490234,1.5934860706329346,0.17557251908396945,0.16412213740458015
20,30,10,256,25,6,ElectricalFaultClassification,4,95.09475803375244,0.0032777786254882812,1.6813321113586426,0.17684478371501272,0.1717557251908397
20,30,10,257,25,7,ElectricalFaultClassification,4,87.35183143615723,0.0030074119567871094,1.6255600452423096,0.178117048346056,0.17684478371501272
20,30,10,258,25,8,ElectricalFaultClassification,4,76.76242995262146,0.0027685165405273438,1.6476335525512695,0.18447837150127228,0.17048346055979643
20,30,10,259,25,9,ElectricalFaultClassification,4,90.28458762168884,0.002917051315307617,1.6287040710449219,0.16793893129770993,0.15776081424936386
20,30,10,260,26,0,ElectricalFaultClassification,4,81.21105790138245,0.002744436264038086,1.5612139701843262,0.17534942820838628,0.1639135959339263
20,30,10,261,26,1,ElectricalFaultClassification,4,126.76472592353821,0.003419160842895508,1.7377734184265137,0.17938931297709923,0.16030534351145037
20,30,10,262,26,2,ElectricalFaultClassification,4,104.25015830993652,0.0035419464111328125,1.7330703735351562,0.1692111959287532,0.16157760814249364
20,30,10,263,26,3,ElectricalFaultClassification,4,89.77612686157227,0.0018839836120605469,1.819669485092163,0.18702290076335878,0.178117048346056
20,30,10,264,26,4,ElectricalFaultClassification,4,97.49862670898438,0.0027484893798828125,1.7718913555145264,0.1743002544529262,0.1743002544529262
20,30,10,265,26,5,ElectricalFaultClassification,4,93.53927898406982,0.0031180381774902344,1.7037324905395508,0.18829516539440203,0.17684478371501272
20,30,10,266,26,6,ElectricalFaultClassification,4,95.62204933166504,0.0032243728637695312,1.6681056022644043,0.1806615776081425,0.17048346055979643
20,30,10,267,26,7,ElectricalFaultClassification,4,104.6738121509552,0.0031452178955078125,1.649247169494629,0.178117048346056,0.183206106870229
20,30,10,268,26,8,ElectricalFaultClassification,4,87.14347696304321,0.003525972366333008,1.5883760452270508,0.17302798982188294,0.1628498727735369
20,30,10,269,26,9,ElectricalFaultClassification,4,93.36967253684998,0.0026938915252685547,1.7515292167663574,0.17557251908396945,0.16666666666666666
20,30,10,270,27,0,ElectricalFaultClassification,4,30.582359552383423,0.0027937889099121094,1.2829174995422363,0.16518424396442186,0.1639135959339263
20,30,10,271,27,1,ElectricalFaultClassification,4,91.92379856109619,0.002803325653076172,1.6033501625061035,0.18575063613231552,0.183206106870229
20,30,10,272,27,2,ElectricalFaultClassification,4,113.07849073410034,0.0028023719787597656,1.8100130558013916,0.18193384223918574,0.17557251908396945
20,30,10,273,27,3,ElectricalFaultClassification,4,86.40549850463867,0.002935647964477539,1.6035819053649902,0.16666666666666666,0.1717557251908397
20,30,10,274,27,4,ElectricalFaultClassification,4,85.10907745361328,0.002997159957885742,1.6357824802398682,0.17684478371501272,0.16666666666666666
20,30,10,275,27,5,ElectricalFaultClassification,4,74.20415997505188,0.0029230117797851562,1.6531665325164795,0.183206106870229,0.18193384223918574
20,30,10,276,27,6,ElectricalFaultClassification,4,68.70507645606995,0.0028471946716308594,1.5084385871887207,0.1895674300254453,0.16157760814249364
20,30,10,277,27,7,ElectricalFaultClassification,4,67.84132528305054,0.002722024917602539,1.5534603595733643,0.1717557251908397,0.1692111959287532
20,30,10,278,27,8,ElectricalFaultClassification,4,90.75812840461731,0.002765655517578125,1.6540889739990234,0.1717557251908397,0.1743002544529262
20,30,10,279,27,9,ElectricalFaultClassification,4,91.45055294036865,0.0033309459686279297,1.7396681308746338,0.18447837150127228,0.17557251908396945
20,30,10,280,28,0,ElectricalFaultClassification,4,88.85754013061523,0.0031671524047851562,1.6734893321990967,0.16645489199491742,0.16264294790343076
20,30,10,281,28,1,ElectricalFaultClassification,4,90.03781938552856,0.002429485321044922,1.6106653213500977,0.1743002544529262,0.17557251908396945
20,30,10,282,28,2,ElectricalFaultClassification,4,93.90009784698486,0.0029609203338623047,1.7036082744598389,0.18829516539440203,0.178117048346056
20,30,10,283,28,3,ElectricalFaultClassification,4,102.84073448181152,0.002160310745239258,1.7902939319610596,0.1984732824427481,0.16793893129770993
20,30,10,284,28,4,ElectricalFaultClassification,4,87.13269352912903,0.002791166305541992,1.7072551250457764,0.178117048346056,0.17048346055979643
20,30,10,285,28,5,ElectricalFaultClassification,4,102.60406589508057,0.0027790069580078125,1.6891624927520752,0.19083969465648856,0.18575063613231552
20,30,10,286,28,6,ElectricalFaultClassification,4,78.4426441192627,0.002947568893432617,1.5636005401611328,0.178117048346056,0.16793893129770993
20,30,10,287,28,7,ElectricalFaultClassification,4,108.29348540306091,0.0032656192779541016,1.6998701095581055,0.18702290076335878,0.17302798982188294
20,30,10,288,28,8,ElectricalFaultClassification,4,93.81140947341919,0.0033164024353027344,1.7138466835021973,0.16157760814249364,0.1628498727735369
20,30,10,289,28,9,ElectricalFaultClassification,4,126.23214769363403,0.0034439563751220703,1.8823823928833008,0.1921119592875318,0.18702290076335878
20,30,10,290,29,0,ElectricalFaultClassification,4,94.64606881141663,0.003180265426635742,1.677293300628662,0.18170266836086404,0.16899618805590852
20,30,10,291,29,1,ElectricalFaultClassification,4,88.45904970169067,0.0034706592559814453,1.6765871047973633,0.17938931297709923,0.178117048346056
20,30,10,292,29,2,ElectricalFaultClassification,4,92.06862711906433,0.0034935474395751953,1.6564984321594238,0.18829516539440203,0.17938931297709923
20,30,10,293,29,3,ElectricalFaultClassification,4,107.66140079498291,0.0029096603393554688,1.766249656677246,0.17048346055979643,0.17684478371501272
20,30,10,294,29,4,ElectricalFaultClassification,4,114.92764115333557,0.0033032894134521484,1.7662327289581299,0.17557251908396945,0.18447837150127228
20,30,10,295,29,5,ElectricalFaultClassification,4,98.15704536437988,0.0027239322662353516,1.6717090606689453,0.1895674300254453,0.18575063613231552
20,30,10,296,29,6,ElectricalFaultClassification,4,93.77260971069336,0.002808809280395508,1.6934449672698975,0.17048346055979643,0.16412213740458015
20,30,10,297,29,7,ElectricalFaultClassification,4,65.29720902442932,0.002536773681640625,1.4948012828826904,0.16793893129770993,0.16030534351145037
20,30,10,298,29,8,ElectricalFaultClassification,4,94.86972427368164,0.0028595924377441406,1.6319215297698975,0.17048346055979643,0.15139949109414758
20,30,10,299,29,9,ElectricalFaultClassification,4,85.1669569015503,0.003439664840698242,1.6951234340667725,0.17938931297709923,0.1717557251908397
