id=3, database=ElectricalFaultDetection, repeats=30, kfold=10, proccess=16
Options(Standardize=True, initial_k=1, p_parameter=0.01, h_threshold=1, dm_case=1, s_parameter=0.15, dm_threshold=3, update_s_parameter=True, return_full_dm=False, return_full_history=False, iteration_threshold=1000000.0, kmeans_random_state=None, distance_method=3, kmeans_method=2)
3,30,10,0,0,0,ElectricalFaultDetection,16,2.3041670322418213,0.0011167526245117188,0.3917691707611084,0.011656952539550375,0.013322231473771857
3,30,10,1,0,1,ElectricalFaultDetection,16,2.0131187438964844,0.0010666847229003906,0.38953566551208496,0.006666666666666667,0.005833333333333334
3,30,10,2,0,2,ElectricalFaultDetection,16,2.0451295375823975,0.0010099411010742188,0.3576087951660156,0.0075,0.0075
3,30,10,3,0,3,ElectricalFaultDetection,16,1.986762285232544,0.0010280609130859375,0.35337305068969727,0.009166666666666667,0.009166666666666667
3,30,10,4,0,4,ElectricalFaultDetection,16,2.279442071914673,0.0010249614715576172,0.40955257415771484,0.010833333333333334,0.0033333333333333335
3,30,10,5,0,5,ElectricalFaultDetection,16,2.299440860748291,0.0009605884552001953,0.40245723724365234,0.008333333333333333,0.010833333333333334
3,30,10,6,0,6,ElectricalFaultDetection,16,2.2241601943969727,0.0010097026824951172,0.4133572578430176,0.004166666666666667,0.008333333333333333
3,30,10,7,0,7,ElectricalFaultDetection,16,2.0483758449554443,0.0009744167327880859,0.3633308410644531,0.010833333333333334,0.0125
3,30,10,8,0,8,ElectricalFaultDetection,16,2.2248809337615967,0.0009307861328125,0.35851120948791504,0.0025,0.004166666666666667
3,30,10,9,0,9,ElectricalFaultDetection,16,1.7894201278686523,0.0010404586791992188,0.31140756607055664,0.0075,0.005833333333333334
3,30,10,10,1,0,ElectricalFaultDetection,16,2.4378044605255127,0.0009996891021728516,0.41530442237854004,0.00832639467110741,0.005828476269775187
3,30,10,11,1,1,ElectricalFaultDetection,16,2.2234747409820557,0.0009899139404296875,0.35967183113098145,0.005,0.0033333333333333335
3,30,10,12,1,2,ElectricalFaultDetection,16,2.3143973350524902,0.0010023117065429688,0.4258561134338379,0.014166666666666666,0.006666666666666667
3,30,10,13,1,3,ElectricalFaultDetection,16,2.059865951538086,0.0010232925415039062,0.3803591728210449,0.0125,0.008333333333333333
3,30,10,14,1,4,ElectricalFaultDetection,16,2.2063114643096924,0.0010271072387695312,0.36306285858154297,0.005833333333333334,0.0075
3,30,10,15,1,5,ElectricalFaultDetection,16,2.077202796936035,0.0014579296112060547,0.3705179691314697,0.0075,0.004166666666666667
3,30,10,16,1,6,ElectricalFaultDetection,16,2.1758158206939697,0.0010573863983154297,0.3809967041015625,0.0033333333333333335,0.008333333333333333
3,30,10,17,1,7,ElectricalFaultDetection,16,2.1089305877685547,0.0010187625885009766,0.3717072010040283,0.010833333333333334,0.004166666666666667
3,30,10,18,1,8,ElectricalFaultDetection,16,2.3224222660064697,0.0011146068572998047,0.3835568428039551,0.0033333333333333335,0.0025
3,30,10,19,1,9,ElectricalFaultDetection,16,2.0392837524414062,0.0009584426879882812,0.38160109519958496,0.015833333333333335,0.010833333333333334
3,30,10,20,2,0,ElectricalFaultDetection,16,2.2436044216156006,0.0010030269622802734,0.3730945587158203,0.01582014987510408,0.0033305578684429643
3,30,10,21,2,1,ElectricalFaultDetection,16,1.9557557106018066,0.0010380744934082031,0.351625919342041,0.010833333333333334,0.008333333333333333
3,30,10,22,2,2,ElectricalFaultDetection,16,2.1664178371429443,0.0010917186737060547,0.3952779769897461,0.006666666666666667,0.0033333333333333335
3,30,10,23,2,3,ElectricalFaultDetection,16,2.1673223972320557,0.001117706298828125,0.3763160705566406,0.010833333333333334,0.006666666666666667
3,30,10,24,2,4,ElectricalFaultDetection,16,2.015738010406494,0.0009768009185791016,0.33603334426879883,0.01,0.006666666666666667
3,30,10,25,2,5,ElectricalFaultDetection,16,2.0391743183135986,0.0010213851928710938,0.3654816150665283,0.0016666666666666668,0.004166666666666667
3,30,10,26,2,6,ElectricalFaultDetection,16,2.1744015216827393,0.0009853839874267578,0.3848989009857178,0.006666666666666667,0.01
3,30,10,27,2,7,ElectricalFaultDetection,16,2.3313333988189697,0.0010209083557128906,0.36831212043762207,0.008333333333333333,0.005833333333333334
3,30,10,28,2,8,ElectricalFaultDetection,16,2.055142402648926,0.0011086463928222656,0.3402557373046875,0.008333333333333333,0.005
3,30,10,29,2,9,ElectricalFaultDetection,16,1.8635690212249756,0.000982522964477539,0.36511707305908203,0.011666666666666667,0.005
3,30,10,30,3,0,ElectricalFaultDetection,16,2.2802605628967285,0.0009105205535888672,0.3949429988861084,0.00749375520399667,0.00832639467110741
3,30,10,31,3,1,ElectricalFaultDetection,16,2.1451878547668457,0.0011174678802490234,0.3738434314727783,0.0075,0.005833333333333334
3,30,10,32,3,2,ElectricalFaultDetection,16,1.6607615947723389,0.001081705093383789,0.3271903991699219,0.008333333333333333,0.0075
3,30,10,33,3,3,ElectricalFaultDetection,16,2.1521151065826416,0.0010080337524414062,0.3681910037994385,0.004166666666666667,0.0033333333333333335
3,30,10,34,3,4,ElectricalFaultDetection,16,2.406510591506958,0.0009865760803222656,0.41298890113830566,0.005833333333333334,0.005833333333333334
3,30,10,35,3,5,ElectricalFaultDetection,16,2.01486873626709,0.0009534358978271484,0.34601640701293945,0.013333333333333334,0.009166666666666667
3,30,10,36,3,6,ElectricalFaultDetection,16,2.1083202362060547,0.0010433197021484375,0.40842199325561523,0.008333333333333333,0.005
3,30,10,37,3,7,ElectricalFaultDetection,16,2.439358949661255,0.0010995864868164062,0.39337801933288574,0.005833333333333334,0.009166666666666667
3,30,10,38,3,8,ElectricalFaultDetection,16,1.9127309322357178,0.0010001659393310547,0.31354618072509766,0.01,0.0025
3,30,10,39,3,9,ElectricalFaultDetection,16,2.096043348312378,0.0010111331939697266,0.3473186492919922,0.014166666666666666,0.005
3,30,10,40,4,0,ElectricalFaultDetection,16,2.0029244422912598,0.0010395050048828125,0.36822938919067383,0.00749375520399667,0.002497918401332223
3,30,10,41,4,1,ElectricalFaultDetection,16,1.8966045379638672,0.0020160675048828125,0.3300132751464844,0.005,0.01
3,30,10,42,4,2,ElectricalFaultDetection,16,1.9783594608306885,0.000957489013671875,0.3440210819244385,0.0075,0.0075
3,30,10,43,4,3,ElectricalFaultDetection,16,2.220977544784546,0.001055002212524414,0.3715806007385254,0.005833333333333334,0.005833333333333334
3,30,10,44,4,4,ElectricalFaultDetection,16,1.8714759349822998,0.0010581016540527344,0.34331798553466797,0.009166666666666667,0.005
3,30,10,45,4,5,ElectricalFaultDetection,16,1.831233263015747,0.0010421276092529297,0.3393402099609375,0.005,0.005833333333333334
3,30,10,46,4,6,ElectricalFaultDetection,16,2.361401319503784,0.0009877681732177734,0.4204118251800537,0.005833333333333334,0.0075
3,30,10,47,4,7,ElectricalFaultDetection,16,2.063849449157715,0.0009949207305908203,0.36324453353881836,0.008333333333333333,0.006666666666666667
3,30,10,48,4,8,ElectricalFaultDetection,16,2.243684768676758,0.0009632110595703125,0.40619540214538574,0.0075,0.005833333333333334
3,30,10,49,4,9,ElectricalFaultDetection,16,2.3190934658050537,0.0010766983032226562,0.4250662326812744,0.005833333333333334,0.006666666666666667
3,30,10,50,5,0,ElectricalFaultDetection,16,2.069448471069336,0.0010449886322021484,0.35839247703552246,0.00749375520399667,0.005828476269775187
3,30,10,51,5,1,ElectricalFaultDetection,16,2.169138193130493,0.0010437965393066406,0.3635702133178711,0.0008333333333333334,0.004166666666666667
3,30,10,52,5,2,ElectricalFaultDetection,16,1.8167331218719482,0.0010268688201904297,0.30777978897094727,0.008333333333333333,0.004166666666666667
3,30,10,53,5,3,ElectricalFaultDetection,16,2.2098100185394287,0.0009837150573730469,0.40436768531799316,0.0125,0.0125
3,30,10,54,5,4,ElectricalFaultDetection,16,1.9328763484954834,0.0010459423065185547,0.3122258186340332,0.0125,0.005
3,30,10,55,5,5,ElectricalFaultDetection,16,2.148003578186035,0.0010645389556884766,0.39742159843444824,0.008333333333333333,0.0033333333333333335
3,30,10,56,5,6,ElectricalFaultDetection,16,2.489565849304199,0.0010216236114501953,0.41359424591064453,0.008333333333333333,0.0016666666666666668
3,30,10,57,5,7,ElectricalFaultDetection,16,2.18587064743042,0.0010111331939697266,0.4051804542541504,0.0175,0.014166666666666666
3,30,10,58,5,8,ElectricalFaultDetection,16,2.0706582069396973,0.001016855239868164,0.3654444217681885,0.005833333333333334,0.0033333333333333335
3,30,10,59,5,9,ElectricalFaultDetection,16,2.289811134338379,0.0010023117065429688,0.3712732791900635,0.008333333333333333,0.008333333333333333
3,30,10,60,6,0,ElectricalFaultDetection,16,1.9819178581237793,0.0009093284606933594,0.36155247688293457,0.005828476269775187,0.00749375520399667
3,30,10,61,6,1,ElectricalFaultDetection,16,2.2280819416046143,0.0010802745819091797,0.4147813320159912,0.006666666666666667,0.005833333333333334
3,30,10,62,6,2,ElectricalFaultDetection,16,1.8886454105377197,0.001112222671508789,0.32012438774108887,0.005,0.005
3,30,10,63,6,3,ElectricalFaultDetection,16,1.7355389595031738,0.0010783672332763672,0.3317270278930664,0.006666666666666667,0.009166666666666667
3,30,10,64,6,4,ElectricalFaultDetection,16,2.1686129570007324,0.0010669231414794922,0.3682830333709717,0.009166666666666667,0.005833333333333334
3,30,10,65,6,5,ElectricalFaultDetection,16,1.9245808124542236,0.0009918212890625,0.34888696670532227,0.009166666666666667,0.006666666666666667
3,30,10,66,6,6,ElectricalFaultDetection,16,2.3522775173187256,0.001051187515258789,0.393887996673584,0.005,0.0033333333333333335
3,30,10,67,6,7,ElectricalFaultDetection,16,1.5691444873809814,0.0010268688201904297,0.2848243713378906,0.01,0.0033333333333333335
3,30,10,68,6,8,ElectricalFaultDetection,16,1.8630754947662354,0.001058816909790039,0.31954145431518555,0.004166666666666667,0.004166666666666667
3,30,10,69,6,9,ElectricalFaultDetection,16,2.3038859367370605,0.0010111331939697266,0.43192625045776367,0.014166666666666666,0.0025
3,30,10,70,7,0,ElectricalFaultDetection,16,2.2565414905548096,0.0010266304016113281,0.4025914669036865,0.017485428809325562,0.005828476269775187
3,30,10,71,7,1,ElectricalFaultDetection,16,2.139045238494873,0.0010051727294921875,0.36448049545288086,0.009166666666666667,0.005
3,30,10,72,7,2,ElectricalFaultDetection,16,2.4054617881774902,0.0010399818420410156,0.38458776473999023,0.006666666666666667,0.005
3,30,10,73,7,3,ElectricalFaultDetection,16,1.9402785301208496,0.0010390281677246094,0.3529171943664551,0.005,0.0033333333333333335
3,30,10,74,7,4,ElectricalFaultDetection,16,2.1144423484802246,0.0010633468627929688,0.390674352645874,0.004166666666666667,0.006666666666666667
3,30,10,75,7,5,ElectricalFaultDetection,16,1.7269928455352783,0.000965118408203125,0.32659149169921875,0.010833333333333334,0.0033333333333333335
3,30,10,76,7,6,ElectricalFaultDetection,16,2.2508928775787354,0.0010373592376708984,0.3915083408355713,0.006666666666666667,0.008333333333333333
3,30,10,77,7,7,ElectricalFaultDetection,16,1.5749287605285645,0.001119852066040039,0.2900054454803467,0.006666666666666667,0.006666666666666667
3,30,10,78,7,8,ElectricalFaultDetection,16,2.288856267929077,0.001013040542602539,0.39829492568969727,0.0075,0.0075
3,30,10,79,7,9,ElectricalFaultDetection,16,2.273207902908325,0.0011022090911865234,0.4099464416503906,0.0075,0.006666666666666667
3,30,10,80,8,0,ElectricalFaultDetection,16,1.8021094799041748,0.0010662078857421875,0.32977795600891113,0.004163197335553705,0.006661115736885929
3,30,10,81,8,1,ElectricalFaultDetection,16,2.1968564987182617,0.0010113716125488281,0.40809035301208496,0.010833333333333334,0.004166666666666667
3,30,10,82,8,2,ElectricalFaultDetection,16,2.080209970474243,0.0010309219360351562,0.36872243881225586,0.0125,0.008333333333333333
3,30,10,83,8,3,ElectricalFaultDetection,16,2.1289849281311035,0.0010159015655517578,0.38022613525390625,0.005833333333333334,0.008333333333333333
3,30,10,84,8,4,ElectricalFaultDetection,16,1.77736496925354,0.0009067058563232422,0.3125603199005127,0.01,0.0125
3,30,10,85,8,5,ElectricalFaultDetection,16,1.9477298259735107,0.0010280609130859375,0.3653578758239746,0.005,0.004166666666666667
3,30,10,86,8,6,ElectricalFaultDetection,16,2.1376404762268066,0.0009298324584960938,0.36708927154541016,0.009166666666666667,0.0033333333333333335
3,30,10,87,8,7,ElectricalFaultDetection,16,1.8874726295471191,0.0010304450988769531,0.37900209426879883,0.0033333333333333335,0.004166666666666667
3,30,10,88,8,8,ElectricalFaultDetection,16,2.111887216567993,0.0010180473327636719,0.3645331859588623,0.014166666666666666,0.0075
3,30,10,89,8,9,ElectricalFaultDetection,16,1.857703447341919,0.0010194778442382812,0.33060193061828613,0.01,0.005833333333333334
3,30,10,90,9,0,ElectricalFaultDetection,16,2.0060408115386963,0.0010170936584472656,0.3746347427368164,0.00832639467110741,0.0033305578684429643
3,30,10,91,9,1,ElectricalFaultDetection,16,2.223510980606079,0.0009236335754394531,0.4025743007659912,0.0025,0.005833333333333334
3,30,10,92,9,2,ElectricalFaultDetection,16,2.211980104446411,0.0010342597961425781,0.3962397575378418,0.006666666666666667,0.0033333333333333335
3,30,10,93,9,3,ElectricalFaultDetection,16,1.8586077690124512,0.0010352134704589844,0.31798768043518066,0.005,0.005
3,30,10,94,9,4,ElectricalFaultDetection,16,2.2896904945373535,0.0010902881622314453,0.4340641498565674,0.006666666666666667,0.005
3,30,10,95,9,5,ElectricalFaultDetection,16,2.349440336227417,0.0009796619415283203,0.38663268089294434,0.0075,0.005833333333333334
3,30,10,96,9,6,ElectricalFaultDetection,16,2.3290767669677734,0.001026153564453125,0.36310482025146484,0.004166666666666667,0.0033333333333333335
3,30,10,97,9,7,ElectricalFaultDetection,16,2.3655993938446045,0.0009791851043701172,0.410900354385376,0.008333333333333333,0.0033333333333333335
3,30,10,98,9,8,ElectricalFaultDetection,16,2.521979570388794,0.001041412353515625,0.41295385360717773,0.006666666666666667,0.009166666666666667
3,30,10,99,9,9,ElectricalFaultDetection,16,1.9537293910980225,0.001058816909790039,0.3657548427581787,0.005833333333333334,0.0075
3,30,10,100,10,0,ElectricalFaultDetection,16,2.04177188873291,0.0009951591491699219,0.37039947509765625,0.006661115736885929,0.005828476269775187
3,30,10,101,10,1,ElectricalFaultDetection,16,2.314521074295044,0.001001596450805664,0.38152337074279785,0.0075,0.010833333333333334
3,30,10,102,10,2,ElectricalFaultDetection,16,2.1888720989227295,0.0010619163513183594,0.3731496334075928,0.005833333333333334,0.006666666666666667
3,30,10,103,10,3,ElectricalFaultDetection,16,1.7763299942016602,0.0009102821350097656,0.3401620388031006,0.018333333333333333,0.006666666666666667
3,30,10,104,10,4,ElectricalFaultDetection,16,1.7898986339569092,0.0010263919830322266,0.3347916603088379,0.005833333333333334,0.008333333333333333
3,30,10,105,10,5,ElectricalFaultDetection,16,2.4063539505004883,0.001062154769897461,0.4163234233856201,0.0075,0.0016666666666666668
3,30,10,106,10,6,ElectricalFaultDetection,16,2.2948460578918457,0.0009987354278564453,0.38959455490112305,0.008333333333333333,0.004166666666666667
3,30,10,107,10,7,ElectricalFaultDetection,16,2.2223238945007324,0.0010154247283935547,0.3659837245941162,0.015,0.006666666666666667
3,30,10,108,10,8,ElectricalFaultDetection,16,1.964045524597168,0.0010724067687988281,0.3619673252105713,0.005833333333333334,0.009166666666666667
3,30,10,109,10,9,ElectricalFaultDetection,16,2.0671608448028564,0.0010783672332763672,0.3524773120880127,0.006666666666666667,0.004166666666666667
3,30,10,110,11,0,ElectricalFaultDetection,16,1.7146010398864746,0.0010216236114501953,0.3313736915588379,0.00749375520399667,0.00749375520399667
3,30,10,111,11,1,ElectricalFaultDetection,16,2.180724859237671,0.0010633468627929688,0.37981152534484863,0.008333333333333333,0.010833333333333334
3,30,10,112,11,2,ElectricalFaultDetection,16,2.3937947750091553,0.0010499954223632812,0.4153478145599365,0.006666666666666667,0.008333333333333333
3,30,10,113,11,3,ElectricalFaultDetection,16,1.803452730178833,0.0010242462158203125,0.32811403274536133,0.009166666666666667,0.008333333333333333
3,30,10,114,11,4,ElectricalFaultDetection,16,1.900991678237915,0.000986337661743164,0.35570573806762695,0.018333333333333333,0.005833333333333334
3,30,10,115,11,5,ElectricalFaultDetection,16,1.9871232509613037,0.001007080078125,0.35176825523376465,0.005,0.005
3,30,10,116,11,6,ElectricalFaultDetection,16,1.8542437553405762,0.0010836124420166016,0.34407782554626465,0.006666666666666667,0.0025
3,30,10,117,11,7,ElectricalFaultDetection,16,2.4086694717407227,0.0010683536529541016,0.42034435272216797,0.0033333333333333335,0.005
3,30,10,118,11,8,ElectricalFaultDetection,16,1.8646576404571533,0.001077413558959961,0.33879613876342773,0.013333333333333334,0.005
3,30,10,119,11,9,ElectricalFaultDetection,16,2.3311734199523926,0.0009708404541015625,0.3911449909210205,0.0075,0.0075
3,30,10,120,12,0,ElectricalFaultDetection,16,1.8551404476165771,0.0009801387786865234,0.3325033187866211,0.00832639467110741,0.004995836802664446
3,30,10,121,12,1,ElectricalFaultDetection,16,2.0659823417663574,0.0009551048278808594,0.3340177536010742,0.004166666666666667,0.0025
3,30,10,122,12,2,ElectricalFaultDetection,16,2.1725950241088867,0.0009677410125732422,0.4078850746154785,0.004166666666666667,0.005833333333333334
3,30,10,123,12,3,ElectricalFaultDetection,16,2.2822036743164062,0.0017833709716796875,0.3999760150909424,0.015833333333333335,0.010833333333333334
3,30,10,124,12,4,ElectricalFaultDetection,16,2.1441640853881836,0.0010538101196289062,0.35578250885009766,0.0075,0.005
3,30,10,125,12,5,ElectricalFaultDetection,16,2.062190294265747,0.0010764598846435547,0.3538491725921631,0.013333333333333334,0.0033333333333333335
3,30,10,126,12,6,ElectricalFaultDetection,16,2.410470485687256,0.0010287761688232422,0.41191577911376953,0.011666666666666667,0.006666666666666667
3,30,10,127,12,7,ElectricalFaultDetection,16,2.2051682472229004,0.0010089874267578125,0.3728373050689697,0.004166666666666667,0.006666666666666667
3,30,10,128,12,8,ElectricalFaultDetection,16,2.1177897453308105,0.001004934310913086,0.3702578544616699,0.011666666666666667,0.008333333333333333
3,30,10,129,12,9,ElectricalFaultDetection,16,2.3749771118164062,0.001043081283569336,0.385638952255249,0.008333333333333333,0.009166666666666667
3,30,10,130,13,0,ElectricalFaultDetection,16,2.326786756515503,0.0010275840759277344,0.42679858207702637,0.005828476269775187,0.00832639467110741
3,30,10,131,13,1,ElectricalFaultDetection,16,2.082775831222534,0.00103759765625,0.3482015132904053,0.005,0.005833333333333334
3,30,10,132,13,2,ElectricalFaultDetection,16,1.9801864624023438,0.0010194778442382812,0.35422754287719727,0.015,0.005833333333333334
3,30,10,133,13,3,ElectricalFaultDetection,16,1.8512187004089355,0.0009799003601074219,0.33630895614624023,0.015,0.009166666666666667
3,30,10,134,13,4,ElectricalFaultDetection,16,2.3116698265075684,0.001007080078125,0.4048619270324707,0.006666666666666667,0.005833333333333334
3,30,10,135,13,5,ElectricalFaultDetection,16,2.080162286758423,0.0010044574737548828,0.35622119903564453,0.0075,0.006666666666666667
3,30,10,136,13,6,ElectricalFaultDetection,16,1.5669655799865723,0.0009894371032714844,0.2921442985534668,0.0075,0.01
3,30,10,137,13,7,ElectricalFaultDetection,16,2.058156967163086,0.0010457038879394531,0.36266613006591797,0.0033333333333333335,0.004166666666666667
3,30,10,138,13,8,ElectricalFaultDetection,16,1.875103235244751,0.0009515285491943359,0.35205984115600586,0.0125,0.005
3,30,10,139,13,9,ElectricalFaultDetection,16,2.3183908462524414,0.0010178089141845703,0.387758731842041,0.005,0.005833333333333334
3,30,10,140,14,0,ElectricalFaultDetection,16,2.2924721240997314,0.0009958744049072266,0.4134049415588379,0.00749375520399667,0.00749375520399667
3,30,10,141,14,1,ElectricalFaultDetection,16,2.1552212238311768,0.0009987354278564453,0.3962554931640625,0.01,0.005833333333333334
3,30,10,142,14,2,ElectricalFaultDetection,16,2.1113803386688232,0.0010089874267578125,0.38651514053344727,0.011666666666666667,0.013333333333333334
3,30,10,143,14,3,ElectricalFaultDetection,16,2.0900094509124756,0.0010843276977539062,0.4125950336456299,0.0025,0.0016666666666666668
3,30,10,144,14,4,ElectricalFaultDetection,16,2.3642115592956543,0.0010838508605957031,0.3987720012664795,0.006666666666666667,0.008333333333333333
3,30,10,145,14,5,ElectricalFaultDetection,16,2.079526662826538,0.0010704994201660156,0.38636159896850586,0.005,0.0033333333333333335
3,30,10,146,14,6,ElectricalFaultDetection,16,2.0562963485717773,0.0009248256683349609,0.39034581184387207,0.0075,0.004166666666666667
3,30,10,147,14,7,ElectricalFaultDetection,16,1.9214391708374023,0.001020193099975586,0.32587742805480957,0.01,0.014166666666666666
3,30,10,148,14,8,ElectricalFaultDetection,16,2.2070248126983643,0.0010273456573486328,0.3724236488342285,0.008333333333333333,0.005
3,30,10,149,14,9,ElectricalFaultDetection,16,2.2638981342315674,0.001018524169921875,0.41637229919433594,0.013333333333333334,0.0125
3,30,10,150,15,0,ElectricalFaultDetection,16,2.3354454040527344,0.0010173320770263672,0.4090385437011719,0.004163197335553705,0.004995836802664446
3,30,10,151,15,1,ElectricalFaultDetection,16,2.3553013801574707,0.0010597705841064453,0.3833596706390381,0.0075,0.005
3,30,10,152,15,2,ElectricalFaultDetection,16,2.050861358642578,0.001039743423461914,0.361112117767334,0.015833333333333335,0.0075
3,30,10,153,15,3,ElectricalFaultDetection,16,1.8128087520599365,0.0009713172912597656,0.3643505573272705,0.010833333333333334,0.008333333333333333
3,30,10,154,15,4,ElectricalFaultDetection,16,2.2430498600006104,0.0017254352569580078,0.3995835781097412,0.006666666666666667,0.005
3,30,10,155,15,5,ElectricalFaultDetection,16,2.24440860748291,0.0011796951293945312,0.3934926986694336,0.008333333333333333,0.006666666666666667
3,30,10,156,15,6,ElectricalFaultDetection,16,1.8371038436889648,0.00099945068359375,0.3313724994659424,0.006666666666666667,0.008333333333333333
3,30,10,157,15,7,ElectricalFaultDetection,16,2.183823347091675,0.0010273456573486328,0.383105993270874,0.008333333333333333,0.005833333333333334
3,30,10,158,15,8,ElectricalFaultDetection,16,2.3084232807159424,0.001066446304321289,0.3990514278411865,0.004166666666666667,0.0033333333333333335
3,30,10,159,15,9,ElectricalFaultDetection,16,1.9874188899993896,0.001033782958984375,0.3915688991546631,0.008333333333333333,0.0075
3,30,10,160,16,0,ElectricalFaultDetection,16,2.062657356262207,0.0010099411010742188,0.36830687522888184,0.004995836802664446,0.004995836802664446
3,30,10,161,16,1,ElectricalFaultDetection,16,2.3289692401885986,0.0010068416595458984,0.4233996868133545,0.0125,0.006666666666666667
3,30,10,162,16,2,ElectricalFaultDetection,16,1.9047958850860596,0.0009884834289550781,0.348461389541626,0.009166666666666667,0.005833333333333334
3,30,10,163,16,3,ElectricalFaultDetection,16,2.164354085922241,0.000978708267211914,0.3763735294342041,0.006666666666666667,0.009166666666666667
3,30,10,164,16,4,ElectricalFaultDetection,16,2.2020187377929688,0.001039743423461914,0.37912511825561523,0.0175,0.005
3,30,10,165,16,5,ElectricalFaultDetection,16,1.7636523246765137,0.0011649131774902344,0.32282280921936035,0.005,0.004166666666666667
3,30,10,166,16,6,ElectricalFaultDetection,16,2.031968832015991,0.0009520053863525391,0.36284518241882324,0.0025,0.008333333333333333
3,30,10,167,16,7,ElectricalFaultDetection,16,2.2903268337249756,0.0011360645294189453,0.3800652027130127,0.004166666666666667,0.005833333333333334
3,30,10,168,16,8,ElectricalFaultDetection,16,2.163034439086914,0.0010542869567871094,0.3685302734375,0.005833333333333334,0.005833333333333334
3,30,10,169,16,9,ElectricalFaultDetection,16,2.0184555053710938,0.0010020732879638672,0.36493539810180664,0.004166666666666667,0.005
3,30,10,170,17,0,ElectricalFaultDetection,16,2.1231141090393066,0.0009942054748535156,0.3756551742553711,0.012489592006661115,0.004163197335553705
3,30,10,171,17,1,ElectricalFaultDetection,16,2.322429895401001,0.0010218620300292969,0.39278244972229004,0.004166666666666667,0.0016666666666666668
3,30,10,172,17,2,ElectricalFaultDetection,16,1.9941494464874268,0.0010721683502197266,0.3501002788543701,0.005,0.004166666666666667
3,30,10,173,17,3,ElectricalFaultDetection,16,2.3421695232391357,0.001058340072631836,0.4258716106414795,0.005,0.005833333333333334
3,30,10,174,17,4,ElectricalFaultDetection,16,1.9720544815063477,0.0010006427764892578,0.3536875247955322,0.005833333333333334,0.005833333333333334
3,30,10,175,17,5,ElectricalFaultDetection,16,2.0553815364837646,0.001039743423461914,0.37137651443481445,0.014166666666666666,0.004166666666666667
3,30,10,176,17,6,ElectricalFaultDetection,16,1.8087639808654785,0.0010046958923339844,0.3244452476501465,0.008333333333333333,0.009166666666666667
3,30,10,177,17,7,ElectricalFaultDetection,16,2.150965690612793,0.0010330677032470703,0.3797416687011719,0.009166666666666667,0.011666666666666667
3,30,10,178,17,8,ElectricalFaultDetection,16,1.9245178699493408,0.0010464191436767578,0.3781924247741699,0.009166666666666667,0.01
3,30,10,179,17,9,ElectricalFaultDetection,16,1.9718327522277832,0.0009856224060058594,0.35860204696655273,0.01,0.0125
3,30,10,180,18,0,ElectricalFaultDetection,16,2.2108638286590576,0.0010263919830322266,0.4126603603363037,0.00832639467110741,0.004995836802664446
3,30,10,181,18,1,ElectricalFaultDetection,16,2.201042652130127,0.0010187625885009766,0.39530062675476074,0.008333333333333333,0.005
3,30,10,182,18,2,ElectricalFaultDetection,16,1.9648644924163818,0.0009975433349609375,0.3553299903869629,0.008333333333333333,0.005
3,30,10,183,18,3,ElectricalFaultDetection,16,2.1249895095825195,0.0010132789611816406,0.3597593307495117,0.004166666666666667,0.01
3,30,10,184,18,4,ElectricalFaultDetection,16,1.8186938762664795,0.0009596347808837891,0.30043983459472656,0.0033333333333333335,0.0016666666666666668
3,30,10,185,18,5,ElectricalFaultDetection,16,2.113719940185547,0.0010654926300048828,0.36188626289367676,0.008333333333333333,0.0025
3,30,10,186,18,6,ElectricalFaultDetection,16,2.1811890602111816,0.0010051727294921875,0.3654143810272217,0.009166666666666667,0.0075
3,30,10,187,18,7,ElectricalFaultDetection,16,2.2903850078582764,0.001043081283569336,0.4084196090698242,0.0033333333333333335,0.005833333333333334
3,30,10,188,18,8,ElectricalFaultDetection,16,2.071495532989502,0.0010585784912109375,0.3569374084472656,0.01,0.0075
3,30,10,189,18,9,ElectricalFaultDetection,16,2.1993930339813232,0.0010290145874023438,0.38016176223754883,0.0075,0.005
3,30,10,190,19,0,ElectricalFaultDetection,16,2.157210111618042,0.0010082721710205078,0.4028503894805908,0.011656952539550375,0.004995836802664446
3,30,10,191,19,1,ElectricalFaultDetection,16,2.0997796058654785,0.001001119613647461,0.36080074310302734,0.014166666666666666,0.010833333333333334
3,30,10,192,19,2,ElectricalFaultDetection,16,1.9077026844024658,0.0014426708221435547,0.36539220809936523,0.01,0.0075
3,30,10,193,19,3,ElectricalFaultDetection,16,2.3680179119110107,0.0010578632354736328,0.39034152030944824,0.0033333333333333335,0.005833333333333334
3,30,10,194,19,4,ElectricalFaultDetection,16,2.0552759170532227,0.001009225845336914,0.3632547855377197,0.009166666666666667,0.006666666666666667
3,30,10,195,19,5,ElectricalFaultDetection,16,1.8717930316925049,0.0010437965393066406,0.3390190601348877,0.004166666666666667,0.0125
3,30,10,196,19,6,ElectricalFaultDetection,16,2.276433229446411,0.0009646415710449219,0.4002974033355713,0.005833333333333334,0.0
3,30,10,197,19,7,ElectricalFaultDetection,16,1.9569063186645508,0.0010385513305664062,0.37020039558410645,0.01,0.005
3,30,10,198,19,8,ElectricalFaultDetection,16,2.0564417839050293,0.000997304916381836,0.35437607765197754,0.008333333333333333,0.0
3,30,10,199,19,9,ElectricalFaultDetection,16,1.9445559978485107,0.0009310245513916016,0.3537766933441162,0.0125,0.013333333333333334
3,30,10,200,20,0,ElectricalFaultDetection,16,2.1473028659820557,0.0010654926300048828,0.3687279224395752,0.004995836802664446,0.002497918401332223
3,30,10,201,20,1,ElectricalFaultDetection,16,2.1085031032562256,0.0009894371032714844,0.3833761215209961,0.008333333333333333,0.005833333333333334
3,30,10,202,20,2,ElectricalFaultDetection,16,2.07763934135437,0.001047372817993164,0.3646681308746338,0.01,0.005833333333333334
3,30,10,203,20,3,ElectricalFaultDetection,16,2.0042717456817627,0.0010385513305664062,0.3424072265625,0.0075,0.009166666666666667
3,30,10,204,20,4,ElectricalFaultDetection,16,2.0717337131500244,0.001070261001586914,0.3549051284790039,0.009166666666666667,0.005
3,30,10,205,20,5,ElectricalFaultDetection,16,2.014777183532715,0.0016961097717285156,0.3694148063659668,0.0075,0.01
3,30,10,206,20,6,ElectricalFaultDetection,16,2.2282145023345947,0.0010061264038085938,0.39600563049316406,0.0075,0.006666666666666667
3,30,10,207,20,7,ElectricalFaultDetection,16,2.2115113735198975,0.0010488033294677734,0.39557337760925293,0.0025,0.0025
3,30,10,208,20,8,ElectricalFaultDetection,16,1.5537528991699219,0.001422882080078125,0.30843448638916016,0.019166666666666665,0.005833333333333334
3,30,10,209,20,9,ElectricalFaultDetection,16,2.127596616744995,0.0010480880737304688,0.3455162048339844,0.016666666666666666,0.004166666666666667
3,30,10,210,21,0,ElectricalFaultDetection,16,2.0886569023132324,0.0010836124420166016,0.3657660484313965,0.00749375520399667,0.004995836802664446
3,30,10,211,21,1,ElectricalFaultDetection,16,2.0576484203338623,0.0010466575622558594,0.34972643852233887,0.01,0.0075
3,30,10,212,21,2,ElectricalFaultDetection,16,2.1781065464019775,0.0010445117950439453,0.37801146507263184,0.005,0.0033333333333333335
3,30,10,213,21,3,ElectricalFaultDetection,16,2.025432586669922,0.0010159015655517578,0.3729133605957031,0.005833333333333334,0.006666666666666667
3,30,10,214,21,4,ElectricalFaultDetection,16,2.0135324001312256,0.0010590553283691406,0.33183813095092773,0.005833333333333334,0.008333333333333333
3,30,10,215,21,5,ElectricalFaultDetection,16,2.07932710647583,0.000988006591796875,0.36820268630981445,0.008333333333333333,0.005
3,30,10,216,21,6,ElectricalFaultDetection,16,1.7243249416351318,0.0009424686431884766,0.3307478427886963,0.005,0.0033333333333333335
3,30,10,217,21,7,ElectricalFaultDetection,16,2.1493401527404785,0.0009965896606445312,0.40012431144714355,0.009166666666666667,0.01
3,30,10,218,21,8,ElectricalFaultDetection,16,2.0502521991729736,0.0009837150573730469,0.3634922504425049,0.006666666666666667,0.0075
3,30,10,219,21,9,ElectricalFaultDetection,16,2.4928500652313232,0.00103759765625,0.4367678165435791,0.008333333333333333,0.004166666666666667
3,30,10,220,22,0,ElectricalFaultDetection,16,2.1004927158355713,0.0010263919830322266,0.3496525287628174,0.010824313072439634,0.002497918401332223
3,30,10,221,22,1,ElectricalFaultDetection,16,1.6511409282684326,0.0010290145874023438,0.3253026008605957,0.008333333333333333,0.008333333333333333
3,30,10,222,22,2,ElectricalFaultDetection,16,2.0904273986816406,0.0010995864868164062,0.3625223636627197,0.004166666666666667,0.005833333333333334
3,30,10,223,22,3,ElectricalFaultDetection,16,2.0093631744384766,0.0009751319885253906,0.3424510955810547,0.005,0.0075
3,30,10,224,22,4,ElectricalFaultDetection,16,2.0874674320220947,0.001027822494506836,0.3583531379699707,0.004166666666666667,0.0033333333333333335
3,30,10,225,22,5,ElectricalFaultDetection,16,2.2624566555023193,0.00107574462890625,0.4175760746002197,0.005833333333333334,0.006666666666666667
3,30,10,226,22,6,ElectricalFaultDetection,16,1.856184482574463,0.0009706020355224609,0.34042859077453613,0.0075,0.004166666666666667
3,30,10,227,22,7,ElectricalFaultDetection,16,1.804286241531372,0.0010304450988769531,0.31574559211730957,0.019166666666666665,0.005
3,30,10,228,22,8,ElectricalFaultDetection,16,1.9788949489593506,0.0010113716125488281,0.3562297821044922,0.009166666666666667,0.0125
3,30,10,229,22,9,ElectricalFaultDetection,16,2.0970511436462402,0.001010894775390625,0.38794922828674316,0.013333333333333334,0.0033333333333333335
3,30,10,230,23,0,ElectricalFaultDetection,16,2.1805994510650635,0.0010747909545898438,0.3898158073425293,0.005828476269775187,0.004163197335553705
3,30,10,231,23,1,ElectricalFaultDetection,16,1.9127302169799805,0.0010905265808105469,0.332383394241333,0.005,0.005
3,30,10,232,23,2,ElectricalFaultDetection,16,2.3927836418151855,0.0010459423065185547,0.3861823081970215,0.0075,0.0075
3,30,10,233,23,3,ElectricalFaultDetection,16,2.0528275966644287,0.0010426044464111328,0.34504008293151855,0.005,0.0033333333333333335
3,30,10,234,23,4,ElectricalFaultDetection,16,2.255786657333374,0.001003265380859375,0.36597204208374023,0.0125,0.01
3,30,10,235,23,5,ElectricalFaultDetection,16,2.586768388748169,0.0010330677032470703,0.4440169334411621,0.008333333333333333,0.009166666666666667
3,30,10,236,23,6,ElectricalFaultDetection,16,2.3133633136749268,0.0010373592376708984,0.3708462715148926,0.0025,0.006666666666666667
3,30,10,237,23,7,ElectricalFaultDetection,16,2.2016994953155518,0.0010116100311279297,0.38942718505859375,0.004166666666666667,0.0033333333333333335
3,30,10,238,23,8,ElectricalFaultDetection,16,1.9587852954864502,0.0009818077087402344,0.3509533405303955,0.0075,0.004166666666666667
3,30,10,239,23,9,ElectricalFaultDetection,16,2.211850643157959,0.0010242462158203125,0.36879944801330566,0.005833333333333334,0.005833333333333334
3,30,10,240,24,0,ElectricalFaultDetection,16,1.8943889141082764,0.0009398460388183594,0.34758949279785156,0.009991673605328892,0.009159034138218152
3,30,10,241,24,1,ElectricalFaultDetection,16,2.092364549636841,0.0009167194366455078,0.36107969284057617,0.005833333333333334,0.006666666666666667
3,30,10,242,24,2,ElectricalFaultDetection,16,2.145082950592041,0.001131296157836914,0.37911415100097656,0.006666666666666667,0.004166666666666667
3,30,10,243,24,3,ElectricalFaultDetection,16,2.191895008087158,0.0009336471557617188,0.39034461975097656,0.0075,0.010833333333333334
3,30,10,244,24,4,ElectricalFaultDetection,16,1.994903564453125,0.0009615421295166016,0.36512255668640137,0.004166666666666667,0.006666666666666667
3,30,10,245,24,5,ElectricalFaultDetection,16,1.4450595378875732,0.0009074211120605469,0.29237842559814453,0.004166666666666667,0.005
3,30,10,246,24,6,ElectricalFaultDetection,16,1.9777872562408447,0.0010151863098144531,0.31865525245666504,0.004166666666666667,0.0033333333333333335
3,30,10,247,24,7,ElectricalFaultDetection,16,2.5697529315948486,0.0010178089141845703,0.4088616371154785,0.013333333333333334,0.006666666666666667
3,30,10,248,24,8,ElectricalFaultDetection,16,2.2925772666931152,0.0010387897491455078,0.37427449226379395,0.0075,0.005833333333333334
3,30,10,249,24,9,ElectricalFaultDetection,16,2.2802951335906982,0.0010478496551513672,0.40740013122558594,0.005,0.0033333333333333335
3,30,10,250,25,0,ElectricalFaultDetection,16,2.220123052597046,0.0010721683502197266,0.38158464431762695,0.0033305578684429643,0.0033305578684429643
3,30,10,251,25,1,ElectricalFaultDetection,16,1.856905221939087,0.0010058879852294922,0.3378927707672119,0.008333333333333333,0.015
3,30,10,252,25,2,ElectricalFaultDetection,16,2.303152084350586,0.0010457038879394531,0.3899083137512207,0.006666666666666667,0.005833333333333334
3,30,10,253,25,3,ElectricalFaultDetection,16,2.2414817810058594,0.0010271072387695312,0.42409276962280273,0.010833333333333334,0.013333333333333334
3,30,10,254,25,4,ElectricalFaultDetection,16,2.051050901412964,0.0010423660278320312,0.3602309226989746,0.006666666666666667,0.005833333333333334
3,30,10,255,25,5,ElectricalFaultDetection,16,2.495657205581665,0.0010759830474853516,0.41421985626220703,0.0125,0.011666666666666667
3,30,10,256,25,6,ElectricalFaultDetection,16,1.5746054649353027,0.0010433197021484375,0.29302978515625,0.0075,0.004166666666666667
3,30,10,257,25,7,ElectricalFaultDetection,16,2.254431962966919,0.0009963512420654297,0.35793018341064453,0.0075,0.009166666666666667
3,30,10,258,25,8,ElectricalFaultDetection,16,2.1855340003967285,0.0009751319885253906,0.3918628692626953,0.010833333333333334,0.013333333333333334
3,30,10,259,25,9,ElectricalFaultDetection,16,2.3747339248657227,0.0009760856628417969,0.39755773544311523,0.004166666666666667,0.008333333333333333
3,30,10,260,26,0,ElectricalFaultDetection,16,2.0429046154022217,0.0009906291961669922,0.3792119026184082,0.00749375520399667,0.004163197335553705
3,30,10,261,26,1,ElectricalFaultDetection,16,1.9702823162078857,0.001032114028930664,0.3289217948913574,0.008333333333333333,0.004166666666666667
3,30,10,262,26,2,ElectricalFaultDetection,16,2.162519693374634,0.0010192394256591797,0.39510226249694824,0.010833333333333334,0.005833333333333334
3,30,10,263,26,3,ElectricalFaultDetection,16,2.2671713829040527,0.0010662078857421875,0.36197376251220703,0.005,0.0075
3,30,10,264,26,4,ElectricalFaultDetection,16,2.1530869007110596,0.0009262561798095703,0.37146449089050293,0.01,0.01
3,30,10,265,26,5,ElectricalFaultDetection,16,2.1655690670013428,0.00101470947265625,0.3738901615142822,0.0075,0.008333333333333333
3,30,10,266,26,6,ElectricalFaultDetection,16,1.9928200244903564,0.000986337661743164,0.36222243309020996,0.009166666666666667,0.0033333333333333335
3,30,10,267,26,7,ElectricalFaultDetection,16,2.043795347213745,0.0009045600891113281,0.3846015930175781,0.023333333333333334,0.0175
3,30,10,268,26,8,ElectricalFaultDetection,16,2.1732168197631836,0.0010590553283691406,0.41990160942077637,0.013333333333333334,0.011666666666666667
3,30,10,269,26,9,ElectricalFaultDetection,16,1.8945350646972656,0.0010280609130859375,0.3421449661254883,0.006666666666666667,0.009166666666666667
3,30,10,270,27,0,ElectricalFaultDetection,16,2.195211410522461,0.0010142326354980469,0.3972351551055908,0.005828476269775187,0.006661115736885929
3,30,10,271,27,1,ElectricalFaultDetection,16,1.7990896701812744,0.0017249584197998047,0.31819891929626465,0.0075,0.005833333333333334
3,30,10,272,27,2,ElectricalFaultDetection,16,2.367823600769043,0.0010025501251220703,0.4031651020050049,0.008333333333333333,0.013333333333333334
3,30,10,273,27,3,ElectricalFaultDetection,16,1.814229965209961,0.0009822845458984375,0.3339836597442627,0.013333333333333334,0.0033333333333333335
3,30,10,274,27,4,ElectricalFaultDetection,16,2.398808717727661,0.0010824203491210938,0.4158177375793457,0.0016666666666666668,0.004166666666666667
3,30,10,275,27,5,ElectricalFaultDetection,16,2.1895995140075684,0.000982522964477539,0.37044596672058105,0.004166666666666667,0.0016666666666666668
3,30,10,276,27,6,ElectricalFaultDetection,16,2.2302749156951904,0.0009737014770507812,0.40215110778808594,0.0075,0.008333333333333333
3,30,10,277,27,7,ElectricalFaultDetection,16,2.000528335571289,0.001043558120727539,0.35404229164123535,0.006666666666666667,0.0033333333333333335
3,30,10,278,27,8,ElectricalFaultDetection,16,2.336158514022827,0.0009753704071044922,0.3829200267791748,0.01,0.0033333333333333335
3,30,10,279,27,9,ElectricalFaultDetection,16,2.1691958904266357,0.0010023117065429688,0.4216330051422119,0.006666666666666667,0.005
3,30,10,280,28,0,ElectricalFaultDetection,16,2.35672664642334,0.0010726451873779297,0.4030134677886963,0.002497918401332223,0.0016652789342214821
3,30,10,281,28,1,ElectricalFaultDetection,16,2.1067752838134766,0.0010030269622802734,0.35995030403137207,0.005,0.004166666666666667
3,30,10,282,28,2,ElectricalFaultDetection,16,1.9024722576141357,0.0010275840759277344,0.3296351432800293,0.010833333333333334,0.0075
3,30,10,283,28,3,ElectricalFaultDetection,16,1.8481745719909668,0.0009996891021728516,0.34680891036987305,0.0125,0.005833333333333334
3,30,10,284,28,4,ElectricalFaultDetection,16,1.847097396850586,0.0009524822235107422,0.34168028831481934,0.008333333333333333,0.01
3,30,10,285,28,5,ElectricalFaultDetection,16,1.7271199226379395,0.0010111331939697266,0.33175086975097656,0.005833333333333334,0.006666666666666667
3,30,10,286,28,6,ElectricalFaultDetection,16,1.9457483291625977,0.0009996891021728516,0.32872486114501953,0.009166666666666667,0.0075
3,30,10,287,28,7,ElectricalFaultDetection,16,2.2587203979492188,0.0010144710540771484,0.38103818893432617,0.013333333333333334,0.01
3,30,10,288,28,8,ElectricalFaultDetection,16,2.226167917251587,0.0011222362518310547,0.3919789791107178,0.005833333333333334,0.006666666666666667
3,30,10,289,28,9,ElectricalFaultDetection,16,2.1133205890655518,0.00104522705078125,0.3445756435394287,0.009166666666666667,0.0025
3,30,10,290,29,0,ElectricalFaultDetection,16,2.0979580879211426,0.0010976791381835938,0.38742876052856445,0.00832639467110741,0.005828476269775187
3,30,10,291,29,1,ElectricalFaultDetection,16,2.112495183944702,0.0010595321655273438,0.34824538230895996,0.0075,0.0025
3,30,10,292,29,2,ElectricalFaultDetection,16,2.135521411895752,0.0010116100311279297,0.3841395378112793,0.009166666666666667,0.009166666666666667
3,30,10,293,29,3,ElectricalFaultDetection,16,2.1174533367156982,0.000926971435546875,0.38848137855529785,0.004166666666666667,0.005833333333333334
3,30,10,294,29,4,ElectricalFaultDetection,16,2.1433534622192383,0.0010368824005126953,0.33336973190307617,0.005,0.008333333333333333
3,30,10,295,29,5,ElectricalFaultDetection,16,1.8663520812988281,0.0010268688201904297,0.34082746505737305,0.006666666666666667,0.004166666666666667
3,30,10,296,29,6,ElectricalFaultDetection,16,2.0602238178253174,0.0009961128234863281,0.3584151268005371,0.009166666666666667,0.0025
3,30,10,297,29,7,ElectricalFaultDetection,16,1.7951700687408447,0.0009822845458984375,0.32518720626831055,0.004166666666666667,0.0075
3,30,10,298,29,8,ElectricalFaultDetection,16,2.199748992919922,0.0011067390441894531,0.382387638092041,0.0125,0.0033333333333333335
3,30,10,299,29,9,ElectricalFaultDetection,16,1.6529455184936523,0.0008969306945800781,0.30896496772766113,0.021666666666666667,0.02
