id=4, database=ElectricalFaultDetection, repeats=30, kfold=10, proccess=32
Options(Standardize=True, initial_k=1, p_parameter=0.01, h_threshold=1, dm_case=1, s_parameter=0.15, dm_threshold=3, update_s_parameter=True, return_full_dm=False, return_full_history=False, iteration_threshold=1000000.0, kmeans_random_state=None, distance_method=3, kmeans_method=2)
4,30,10,0,0,0,ElectricalFaultDetection,32,2.311913251876831,0.0011014938354492188,0.4210076332092285,0.006661115736885929,0.005828476269775187
4,30,10,1,0,1,ElectricalFaultDetection,32,1.5447771549224854,0.0010843276977539062,0.29277992248535156,0.01,0.004166666666666667
4,30,10,2,0,2,ElectricalFaultDetection,32,2.2409565448760986,0.0010685920715332031,0.3894615173339844,0.005,0.0025
4,30,10,3,0,3,ElectricalFaultDetection,32,1.7822494506835938,0.0010585784912109375,0.36701345443725586,0.0125,0.0075
4,30,10,4,0,4,ElectricalFaultDetection,32,1.796428918838501,0.0010285377502441406,0.31585168838500977,0.010833333333333334,0.009166666666666667
4,30,10,5,0,5,ElectricalFaultDetection,32,1.8734195232391357,0.0010974407196044922,0.35373544692993164,0.0175,0.008333333333333333
4,30,10,6,0,6,ElectricalFaultDetection,32,2.077436685562134,0.0010788440704345703,0.3947322368621826,0.0075,0.0075
4,30,10,7,0,7,ElectricalFaultDetection,32,2.0422110557556152,0.0011279582977294922,0.39580273628234863,0.010833333333333334,0.009166666666666667
4,30,10,8,0,8,ElectricalFaultDetection,32,1.983109474182129,0.001016378402709961,0.40819263458251953,0.008333333333333333,0.005833333333333334
4,30,10,9,0,9,ElectricalFaultDetection,32,2.2660136222839355,0.001814126968383789,0.44234538078308105,0.005833333333333334,0.0033333333333333335
4,30,10,10,1,0,ElectricalFaultDetection,32,1.5763230323791504,0.0009622573852539062,0.3073568344116211,0.011656952539550375,0.009159034138218152
4,30,10,11,1,1,ElectricalFaultDetection,32,2.1766796112060547,0.0010449886322021484,0.4207329750061035,0.006666666666666667,0.004166666666666667
4,30,10,12,1,2,ElectricalFaultDetection,32,2.037651538848877,0.0010442733764648438,0.3808917999267578,0.015,0.009166666666666667
4,30,10,13,1,3,ElectricalFaultDetection,32,2.191164255142212,0.0010776519775390625,0.39730048179626465,0.005,0.005
4,30,10,14,1,4,ElectricalFaultDetection,32,1.7214293479919434,0.0010633468627929688,0.33890414237976074,0.006666666666666667,0.009166666666666667
4,30,10,15,1,5,ElectricalFaultDetection,32,2.206575393676758,0.0010409355163574219,0.383380651473999,0.010833333333333334,0.005
4,30,10,16,1,6,ElectricalFaultDetection,32,2.1900644302368164,0.0010378360748291016,0.39873504638671875,0.009166666666666667,0.005833333333333334
4,30,10,17,1,7,ElectricalFaultDetection,32,2.03507661819458,0.001024007797241211,0.39723849296569824,0.01,0.011666666666666667
4,30,10,18,1,8,ElectricalFaultDetection,32,1.7882802486419678,0.0010647773742675781,0.3505537509918213,0.0075,0.004166666666666667
4,30,10,19,1,9,ElectricalFaultDetection,32,2.3117265701293945,0.0011703968048095703,0.41477465629577637,0.005,0.0025
4,30,10,20,2,0,ElectricalFaultDetection,32,1.986901044845581,0.0010700225830078125,0.36288905143737793,0.009159034138218152,0.004995836802664446
4,30,10,21,2,1,ElectricalFaultDetection,32,2.0487048625946045,0.0010333061218261719,0.3612546920776367,0.0016666666666666668,0.0033333333333333335
4,30,10,22,2,2,ElectricalFaultDetection,32,2.061692714691162,0.0010123252868652344,0.3993508815765381,0.013333333333333334,0.0075
4,30,10,23,2,3,ElectricalFaultDetection,32,1.8966434001922607,0.0010535717010498047,0.34339046478271484,0.0075,0.005
4,30,10,24,2,4,ElectricalFaultDetection,32,1.890538215637207,0.0009953975677490234,0.36571764945983887,0.004166666666666667,0.0033333333333333335
4,30,10,25,2,5,ElectricalFaultDetection,32,2.0094683170318604,0.0010704994201660156,0.38842105865478516,0.015,0.0025
4,30,10,26,2,6,ElectricalFaultDetection,32,2.180910348892212,0.0010373592376708984,0.42559218406677246,0.006666666666666667,0.0075
4,30,10,27,2,7,ElectricalFaultDetection,32,2.207885980606079,0.0010764598846435547,0.37055230140686035,0.009166666666666667,0.0075
4,30,10,28,2,8,ElectricalFaultDetection,32,2.3380446434020996,0.0010409355163574219,0.4049806594848633,0.004166666666666667,0.005833333333333334
4,30,10,29,2,9,ElectricalFaultDetection,32,1.4451014995574951,0.0009891986846923828,0.2868685722351074,0.009166666666666667,0.010833333333333334
4,30,10,30,3,0,ElectricalFaultDetection,32,2.1082324981689453,0.0009336471557617188,0.37725067138671875,0.017485428809325562,0.014154870940882597
4,30,10,31,3,1,ElectricalFaultDetection,32,2.073000907897949,0.001049041748046875,0.37236976623535156,0.006666666666666667,0.0016666666666666668
4,30,10,32,3,2,ElectricalFaultDetection,32,1.54268217086792,0.0010371208190917969,0.28658628463745117,0.009166666666666667,0.009166666666666667
4,30,10,33,3,3,ElectricalFaultDetection,32,2.0957937240600586,0.001065969467163086,0.36799192428588867,0.010833333333333334,0.010833333333333334
4,30,10,34,3,4,ElectricalFaultDetection,32,1.9092895984649658,0.0010867118835449219,0.35065364837646484,0.010833333333333334,0.0075
4,30,10,35,3,5,ElectricalFaultDetection,32,1.9825258255004883,0.0011017322540283203,0.37631726264953613,0.006666666666666667,0.006666666666666667
4,30,10,36,3,6,ElectricalFaultDetection,32,2.2866954803466797,0.001065969467163086,0.4071338176727295,0.009166666666666667,0.005833333333333334
4,30,10,37,3,7,ElectricalFaultDetection,32,2.215088367462158,0.0010919570922851562,0.40671801567077637,0.0016666666666666668,0.0033333333333333335
4,30,10,38,3,8,ElectricalFaultDetection,32,1.780470609664917,0.0010213851928710938,0.3607208728790283,0.008333333333333333,0.006666666666666667
4,30,10,39,3,9,ElectricalFaultDetection,32,2.1107845306396484,0.0015385150909423828,0.4321575164794922,0.005833333333333334,0.005833333333333334
4,30,10,40,4,0,ElectricalFaultDetection,32,2.1092381477355957,0.0010216236114501953,0.39762401580810547,0.005828476269775187,0.006661115736885929
4,30,10,41,4,1,ElectricalFaultDetection,32,1.698418140411377,0.0010461807250976562,0.32050466537475586,0.01,0.006666666666666667
4,30,10,42,4,2,ElectricalFaultDetection,32,1.8274571895599365,0.0010447502136230469,0.35068655014038086,0.013333333333333334,0.004166666666666667
4,30,10,43,4,3,ElectricalFaultDetection,32,2.0135045051574707,0.0010662078857421875,0.39133214950561523,0.005,0.0033333333333333335
4,30,10,44,4,4,ElectricalFaultDetection,32,2.14943265914917,0.0010139942169189453,0.38249635696411133,0.01,0.008333333333333333
4,30,10,45,4,5,ElectricalFaultDetection,32,1.8094878196716309,0.0010013580322265625,0.36106204986572266,0.0075,0.006666666666666667
4,30,10,46,4,6,ElectricalFaultDetection,32,2.2784409523010254,0.00106048583984375,0.4510765075683594,0.011666666666666667,0.01
4,30,10,47,4,7,ElectricalFaultDetection,32,1.8280012607574463,0.0010690689086914062,0.3569467067718506,0.0075,0.008333333333333333
4,30,10,48,4,8,ElectricalFaultDetection,32,1.9334492683410645,0.000993967056274414,0.3435993194580078,0.0075,0.004166666666666667
4,30,10,49,4,9,ElectricalFaultDetection,32,1.9891910552978516,0.0010373592376708984,0.37227535247802734,0.006666666666666667,0.005
4,30,10,50,5,0,ElectricalFaultDetection,32,2.0955255031585693,0.0010576248168945312,0.361785888671875,0.005828476269775187,0.00749375520399667
4,30,10,51,5,1,ElectricalFaultDetection,32,1.7638866901397705,0.000993967056274414,0.3388955593109131,0.013333333333333334,0.0075
4,30,10,52,5,2,ElectricalFaultDetection,32,2.058450937271118,0.0010480880737304688,0.3996007442474365,0.010833333333333334,0.005
4,30,10,53,5,3,ElectricalFaultDetection,32,2.0438103675842285,0.0010323524475097656,0.3760497570037842,0.01,0.010833333333333334
4,30,10,54,5,4,ElectricalFaultDetection,32,2.083498954772949,0.00107574462890625,0.37354350090026855,0.006666666666666667,0.005
4,30,10,55,5,5,ElectricalFaultDetection,32,2.0036327838897705,0.0010342597961425781,0.35779500007629395,0.0033333333333333335,0.0075
4,30,10,56,5,6,ElectricalFaultDetection,32,2.2344796657562256,0.001065969467163086,0.4098529815673828,0.005,0.004166666666666667
4,30,10,57,5,7,ElectricalFaultDetection,32,2.2556638717651367,0.0010638236999511719,0.4297618865966797,0.014166666666666666,0.0125
4,30,10,58,5,8,ElectricalFaultDetection,32,2.1256978511810303,0.0011179447174072266,0.3911762237548828,0.0016666666666666668,0.004166666666666667
4,30,10,59,5,9,ElectricalFaultDetection,32,1.9058969020843506,0.0010647773742675781,0.35427284240722656,0.005,0.0033333333333333335
4,30,10,60,6,0,ElectricalFaultDetection,32,1.8039953708648682,0.0009818077087402344,0.35004401206970215,0.002497918401332223,0.0033305578684429643
4,30,10,61,6,1,ElectricalFaultDetection,32,1.851325511932373,0.0011255741119384766,0.37730908393859863,0.006666666666666667,0.004166666666666667
4,30,10,62,6,2,ElectricalFaultDetection,32,2.0806047916412354,0.001062154769897461,0.40018200874328613,0.004166666666666667,0.006666666666666667
4,30,10,63,6,3,ElectricalFaultDetection,32,1.9515972137451172,0.0010328292846679688,0.35857558250427246,0.008333333333333333,0.0075
4,30,10,64,6,4,ElectricalFaultDetection,32,1.600081205368042,0.0009982585906982422,0.33568477630615234,0.016666666666666666,0.013333333333333334
4,30,10,65,6,5,ElectricalFaultDetection,32,2.004464626312256,0.0011861324310302734,0.40811800956726074,0.004166666666666667,0.006666666666666667
4,30,10,66,6,6,ElectricalFaultDetection,32,2.0534653663635254,0.0010533332824707031,0.39277172088623047,0.005,0.004166666666666667
4,30,10,67,6,7,ElectricalFaultDetection,32,1.8473587036132812,0.0009915828704833984,0.33593177795410156,0.021666666666666667,0.016666666666666666
4,30,10,68,6,8,ElectricalFaultDetection,32,1.9567437171936035,0.0009741783142089844,0.3736429214477539,0.005833333333333334,0.009166666666666667
4,30,10,69,6,9,ElectricalFaultDetection,32,2.1232900619506836,0.0009999275207519531,0.4064455032348633,0.013333333333333334,0.01
4,30,10,70,7,0,ElectricalFaultDetection,32,1.9555563926696777,0.0010123252868652344,0.3349268436431885,0.009991673605328892,0.010824313072439634
4,30,10,71,7,1,ElectricalFaultDetection,32,2.0846030712127686,0.0010838508605957031,0.38852572441101074,0.0033333333333333335,0.004166666666666667
4,30,10,72,7,2,ElectricalFaultDetection,32,1.6143169403076172,0.001096963882446289,0.3110227584838867,0.0225,0.0016666666666666668
4,30,10,73,7,3,ElectricalFaultDetection,32,1.616912603378296,0.0009818077087402344,0.34097743034362793,0.005833333333333334,0.0075
4,30,10,74,7,4,ElectricalFaultDetection,32,2.1551084518432617,0.0010831356048583984,0.40032362937927246,0.015833333333333335,0.006666666666666667
4,30,10,75,7,5,ElectricalFaultDetection,32,1.6077425479888916,0.0010437965393066406,0.2956876754760742,0.0075,0.01
4,30,10,76,7,6,ElectricalFaultDetection,32,1.9684419631958008,0.0010385513305664062,0.36638355255126953,0.004166666666666667,0.0025
4,30,10,77,7,7,ElectricalFaultDetection,32,2.038252115249634,0.0010366439819335938,0.3985564708709717,0.01,0.010833333333333334
4,30,10,78,7,8,ElectricalFaultDetection,32,1.68914794921875,0.0010597705841064453,0.34755516052246094,0.010833333333333334,0.004166666666666667
4,30,10,79,7,9,ElectricalFaultDetection,32,1.78383207321167,0.0010118484497070312,0.32859253883361816,0.010833333333333334,0.0025
4,30,10,80,8,0,ElectricalFaultDetection,32,1.8776116371154785,0.0010755062103271484,0.3658924102783203,0.00749375520399667,0.004995836802664446
4,30,10,81,8,1,ElectricalFaultDetection,32,1.962977409362793,0.0009646415710449219,0.39700889587402344,0.014166666666666666,0.0125
4,30,10,82,8,2,ElectricalFaultDetection,32,1.8288109302520752,0.001138925552368164,0.3379638195037842,0.004166666666666667,0.004166666666666667
4,30,10,83,8,3,ElectricalFaultDetection,32,1.9991645812988281,0.0010504722595214844,0.37609267234802246,0.008333333333333333,0.005833333333333334
4,30,10,84,8,4,ElectricalFaultDetection,32,1.840057611465454,0.0010082721710205078,0.35286569595336914,0.0033333333333333335,0.008333333333333333
4,30,10,85,8,5,ElectricalFaultDetection,32,2.2776691913604736,0.0010628700256347656,0.4292874336242676,0.0075,0.008333333333333333
4,30,10,86,8,6,ElectricalFaultDetection,32,1.6533443927764893,0.0010428428649902344,0.3567166328430176,0.005833333333333334,0.005
4,30,10,87,8,7,ElectricalFaultDetection,32,2.284027576446533,0.0010645389556884766,0.4248335361480713,0.0033333333333333335,0.0033333333333333335
4,30,10,88,8,8,ElectricalFaultDetection,32,1.8652503490447998,0.0010504722595214844,0.36008691787719727,0.011666666666666667,0.0075
4,30,10,89,8,9,ElectricalFaultDetection,32,2.0819942951202393,0.0010371208190917969,0.38578081130981445,0.005,0.004166666666666667
4,30,10,90,9,0,ElectricalFaultDetection,32,1.7192227840423584,0.0010204315185546875,0.3254415988922119,0.018318068276436304,0.005828476269775187
4,30,10,91,9,1,ElectricalFaultDetection,32,1.8628618717193604,0.0010509490966796875,0.3260338306427002,0.008333333333333333,0.005
4,30,10,92,9,2,ElectricalFaultDetection,32,1.9589979648590088,0.0009872913360595703,0.35585546493530273,0.009166666666666667,0.009166666666666667
4,30,10,93,9,3,ElectricalFaultDetection,32,2.1567161083221436,0.0009613037109375,0.3815279006958008,0.008333333333333333,0.008333333333333333
4,30,10,94,9,4,ElectricalFaultDetection,32,1.8808629512786865,0.0010478496551513672,0.3792726993560791,0.005833333333333334,0.0033333333333333335
4,30,10,95,9,5,ElectricalFaultDetection,32,2.169708251953125,0.0011444091796875,0.38047289848327637,0.0075,0.0033333333333333335
4,30,10,96,9,6,ElectricalFaultDetection,32,1.6189186573028564,0.0010380744934082031,0.37221860885620117,0.0075,0.01
4,30,10,97,9,7,ElectricalFaultDetection,32,1.8009777069091797,0.0011336803436279297,0.3303666114807129,0.005,0.005
4,30,10,98,9,8,ElectricalFaultDetection,32,1.9892187118530273,0.001077890396118164,0.3882100582122803,0.0033333333333333335,0.005833333333333334
4,30,10,99,9,9,ElectricalFaultDetection,32,2.3427116870880127,0.0010037422180175781,0.4597911834716797,0.010833333333333334,0.0175
4,30,10,100,10,0,ElectricalFaultDetection,32,1.5794193744659424,0.0010955333709716797,0.3330807685852051,0.02497918401332223,0.004163197335553705
4,30,10,101,10,1,ElectricalFaultDetection,32,2.061012029647827,0.0010123252868652344,0.3856022357940674,0.005,0.005833333333333334
4,30,10,102,10,2,ElectricalFaultDetection,32,2.2898354530334473,0.0010828971862792969,0.41103148460388184,0.006666666666666667,0.004166666666666667
4,30,10,103,10,3,ElectricalFaultDetection,32,2.026700258255005,0.0011372566223144531,0.37754249572753906,0.005,0.0016666666666666668
4,30,10,104,10,4,ElectricalFaultDetection,32,2.1589667797088623,0.0010497570037841797,0.4138932228088379,0.006666666666666667,0.005
4,30,10,105,10,5,ElectricalFaultDetection,32,1.6291136741638184,0.0009133815765380859,0.33980870246887207,0.0175,0.020833333333333332
4,30,10,106,10,6,ElectricalFaultDetection,32,2.4135820865631104,0.0011475086212158203,0.41577649116516113,0.004166666666666667,0.0033333333333333335
4,30,10,107,10,7,ElectricalFaultDetection,32,1.8143796920776367,0.0009832382202148438,0.37994384765625,0.005833333333333334,0.005833333333333334
4,30,10,108,10,8,ElectricalFaultDetection,32,1.9112112522125244,0.0010335445404052734,0.3741953372955322,0.005833333333333334,0.0033333333333333335
4,30,10,109,10,9,ElectricalFaultDetection,32,1.931483507156372,0.0015804767608642578,0.3964829444885254,0.006666666666666667,0.009166666666666667
4,30,10,110,11,0,ElectricalFaultDetection,32,2.150742530822754,0.0011162757873535156,0.3991279602050781,0.014154870940882597,0.004995836802664446
4,30,10,111,11,1,ElectricalFaultDetection,32,1.887690782546997,0.0010557174682617188,0.3469972610473633,0.0075,0.005833333333333334
4,30,10,112,11,2,ElectricalFaultDetection,32,2.017792224884033,0.0010509490966796875,0.36351823806762695,0.005,0.0033333333333333335
4,30,10,113,11,3,ElectricalFaultDetection,32,1.9686083793640137,0.0013298988342285156,0.41382932662963867,0.015833333333333335,0.005833333333333334
4,30,10,114,11,4,ElectricalFaultDetection,32,1.7604103088378906,0.0009469985961914062,0.3156733512878418,0.005833333333333334,0.008333333333333333
4,30,10,115,11,5,ElectricalFaultDetection,32,1.8825466632843018,0.0010929107666015625,0.3631277084350586,0.006666666666666667,0.0033333333333333335
4,30,10,116,11,6,ElectricalFaultDetection,32,1.904815673828125,0.0010521411895751953,0.3501739501953125,0.005,0.0025
4,30,10,117,11,7,ElectricalFaultDetection,32,2.1670379638671875,0.0010378360748291016,0.39283013343811035,0.01,0.006666666666666667
4,30,10,118,11,8,ElectricalFaultDetection,32,1.9723188877105713,0.001058340072631836,0.3637659549713135,0.004166666666666667,0.004166666666666667
4,30,10,119,11,9,ElectricalFaultDetection,32,1.9869680404663086,0.0010535717010498047,0.38634252548217773,0.0016666666666666668,0.005833333333333334
4,30,10,120,12,0,ElectricalFaultDetection,32,2.139819383621216,0.0010521411895751953,0.36980557441711426,0.004163197335553705,0.0033305578684429643
4,30,10,121,12,1,ElectricalFaultDetection,32,2.166023015975952,0.0010492801666259766,0.3933439254760742,0.02,0.0033333333333333335
4,30,10,122,12,2,ElectricalFaultDetection,32,1.6537511348724365,0.0010547637939453125,0.3009464740753174,0.006666666666666667,0.008333333333333333
4,30,10,123,12,3,ElectricalFaultDetection,32,2.089040994644165,0.0011053085327148438,0.3685140609741211,0.005833333333333334,0.0033333333333333335
4,30,10,124,12,4,ElectricalFaultDetection,32,2.2026078701019287,0.0010313987731933594,0.40428829193115234,0.0033333333333333335,0.005833333333333334
4,30,10,125,12,5,ElectricalFaultDetection,32,1.968158483505249,0.0010495185852050781,0.4035036563873291,0.004166666666666667,0.006666666666666667
4,30,10,126,12,6,ElectricalFaultDetection,32,1.7544913291931152,0.0009472370147705078,0.3488729000091553,0.015,0.015
4,30,10,127,12,7,ElectricalFaultDetection,32,1.8811376094818115,0.001073598861694336,0.3512890338897705,0.008333333333333333,0.009166666666666667
4,30,10,128,12,8,ElectricalFaultDetection,32,1.9605705738067627,0.0010247230529785156,0.38963842391967773,0.005833333333333334,0.0016666666666666668
4,30,10,129,12,9,ElectricalFaultDetection,32,2.2536301612854004,0.0010476112365722656,0.40398240089416504,0.006666666666666667,0.0075
4,30,10,130,13,0,ElectricalFaultDetection,32,2.138089895248413,0.0009975433349609375,0.4028947353363037,0.009991673605328892,0.009991673605328892
4,30,10,131,13,1,ElectricalFaultDetection,32,1.9445111751556396,0.0010275840759277344,0.3808879852294922,0.009166666666666667,0.0125
4,30,10,132,13,2,ElectricalFaultDetection,32,1.8622419834136963,0.0010616779327392578,0.3576087951660156,0.01,0.01
4,30,10,133,13,3,ElectricalFaultDetection,32,2.0516624450683594,0.0011086463928222656,0.3885836601257324,0.009166666666666667,0.011666666666666667
4,30,10,134,13,4,ElectricalFaultDetection,32,2.065842866897583,0.0010035037994384766,0.3641469478607178,0.006666666666666667,0.004166666666666667
4,30,10,135,13,5,ElectricalFaultDetection,32,2.1443493366241455,0.0010557174682617188,0.38744354248046875,0.0075,0.004166666666666667
4,30,10,136,13,6,ElectricalFaultDetection,32,1.7835514545440674,0.0010247230529785156,0.32762885093688965,0.005,0.005833333333333334
4,30,10,137,13,7,ElectricalFaultDetection,32,1.6877930164337158,0.001058816909790039,0.32501697540283203,0.015,0.004166666666666667
4,30,10,138,13,8,ElectricalFaultDetection,32,2.0941011905670166,0.0010616779327392578,0.38918542861938477,0.008333333333333333,0.005833333333333334
4,30,10,139,13,9,ElectricalFaultDetection,32,2.1131625175476074,0.0009925365447998047,0.3868238925933838,0.005833333333333334,0.009166666666666667
4,30,10,140,14,0,ElectricalFaultDetection,32,2.025834083557129,0.001027822494506836,0.3911004066467285,0.006661115736885929,0.005828476269775187
4,30,10,141,14,1,ElectricalFaultDetection,32,2.0512988567352295,0.0010814666748046875,0.392181396484375,0.008333333333333333,0.004166666666666667
4,30,10,142,14,2,ElectricalFaultDetection,32,2.2103471755981445,0.0010335445404052734,0.4007101058959961,0.005833333333333334,0.005
4,30,10,143,14,3,ElectricalFaultDetection,32,1.8719813823699951,0.0010662078857421875,0.35363030433654785,0.0075,0.008333333333333333
4,30,10,144,14,4,ElectricalFaultDetection,32,1.9691131114959717,0.0010554790496826172,0.38720083236694336,0.005833333333333334,0.0033333333333333335
4,30,10,145,14,5,ElectricalFaultDetection,32,2.0015006065368652,0.0010519027709960938,0.40524816513061523,0.005833333333333334,0.006666666666666667
4,30,10,146,14,6,ElectricalFaultDetection,32,2.0636165142059326,0.0010788440704345703,0.3873417377471924,0.0075,0.0033333333333333335
4,30,10,147,14,7,ElectricalFaultDetection,32,1.8195860385894775,0.0010404586791992188,0.3742351531982422,0.005833333333333334,0.0075
4,30,10,148,14,8,ElectricalFaultDetection,32,1.7006776332855225,0.0011096000671386719,0.31528377532958984,0.005,0.005
4,30,10,149,14,9,ElectricalFaultDetection,32,1.9719228744506836,0.0010693073272705078,0.3738572597503662,0.009166666666666667,0.01
4,30,10,150,15,0,ElectricalFaultDetection,32,2.2033772468566895,0.000990152359008789,0.41664838790893555,0.00832639467110741,0.002497918401332223
4,30,10,151,15,1,ElectricalFaultDetection,32,1.8488447666168213,0.0010991096496582031,0.3267240524291992,0.005833333333333334,0.004166666666666667
4,30,10,152,15,2,ElectricalFaultDetection,32,1.7029385566711426,0.0013093948364257812,0.34696197509765625,0.0125,0.008333333333333333
4,30,10,153,15,3,ElectricalFaultDetection,32,2.006514310836792,0.001064300537109375,0.3870420455932617,0.0075,0.005833333333333334
4,30,10,154,15,4,ElectricalFaultDetection,32,2.080509662628174,0.0011055469512939453,0.3455231189727783,0.0025,0.005833333333333334
4,30,10,155,15,5,ElectricalFaultDetection,32,1.9897449016571045,0.0010454654693603516,0.38623046875,0.006666666666666667,0.0033333333333333335
4,30,10,156,15,6,ElectricalFaultDetection,32,2.309567928314209,0.0010519027709960938,0.4188573360443115,0.008333333333333333,0.0075
4,30,10,157,15,7,ElectricalFaultDetection,32,1.9882583618164062,0.0009739398956298828,0.3583850860595703,0.005,0.004166666666666667
4,30,10,158,15,8,ElectricalFaultDetection,32,2.4276158809661865,0.0010156631469726562,0.43745875358581543,0.011666666666666667,0.005
4,30,10,159,15,9,ElectricalFaultDetection,32,2.036653757095337,0.0011222362518310547,0.36318516731262207,0.006666666666666667,0.0075
4,30,10,160,16,0,ElectricalFaultDetection,32,2.064770221710205,0.001065969467163086,0.3988463878631592,0.005828476269775187,0.009159034138218152
4,30,10,161,16,1,ElectricalFaultDetection,32,1.9535548686981201,0.0010058879852294922,0.36023831367492676,0.010833333333333334,0.005833333333333334
4,30,10,162,16,2,ElectricalFaultDetection,32,1.762566328048706,0.0010914802551269531,0.3128647804260254,0.0075,0.0075
4,30,10,163,16,3,ElectricalFaultDetection,32,2.1798391342163086,0.001096487045288086,0.4088318347930908,0.01,0.005833333333333334
4,30,10,164,16,4,ElectricalFaultDetection,32,1.9439842700958252,0.0010707378387451172,0.3552060127258301,0.004166666666666667,0.01
4,30,10,165,16,5,ElectricalFaultDetection,32,1.7299857139587402,0.0010516643524169922,0.3495209217071533,0.0075,0.005
4,30,10,166,16,6,ElectricalFaultDetection,32,2.059436798095703,0.0011248588562011719,0.41817641258239746,0.008333333333333333,0.005
4,30,10,167,16,7,ElectricalFaultDetection,32,2.272646188735962,0.0010695457458496094,0.4175302982330322,0.005833333333333334,0.005
4,30,10,168,16,8,ElectricalFaultDetection,32,2.071998119354248,0.0010116100311279297,0.3893108367919922,0.0025,0.0075
4,30,10,169,16,9,ElectricalFaultDetection,32,1.7641232013702393,0.0011196136474609375,0.33492255210876465,0.005,0.005
4,30,10,170,17,0,ElectricalFaultDetection,32,2.0308637619018555,0.0010223388671875,0.38139891624450684,0.004163197335553705,0.00832639467110741
4,30,10,171,17,1,ElectricalFaultDetection,32,2.2853848934173584,0.0010955333709716797,0.4372434616088867,0.014166666666666666,0.0075
4,30,10,172,17,2,ElectricalFaultDetection,32,2.0818583965301514,0.0010426044464111328,0.3727424144744873,0.008333333333333333,0.006666666666666667
4,30,10,173,17,3,ElectricalFaultDetection,32,2.062096357345581,0.0010313987731933594,0.39234185218811035,0.008333333333333333,0.0075
4,30,10,174,17,4,ElectricalFaultDetection,32,1.7878475189208984,0.0010657310485839844,0.3281288146972656,0.005833333333333334,0.005
4,30,10,175,17,5,ElectricalFaultDetection,32,1.962151288986206,0.0010495185852050781,0.36144232749938965,0.005,0.008333333333333333
4,30,10,176,17,6,ElectricalFaultDetection,32,1.5933876037597656,0.0010528564453125,0.30959129333496094,0.005833333333333334,0.0033333333333333335
4,30,10,177,17,7,ElectricalFaultDetection,32,1.853734016418457,0.0009837150573730469,0.35033464431762695,0.01,0.011666666666666667
4,30,10,178,17,8,ElectricalFaultDetection,32,2.2499568462371826,0.001081705093383789,0.37726402282714844,0.006666666666666667,0.0075
4,30,10,179,17,9,ElectricalFaultDetection,32,1.5804781913757324,0.0009872913360595703,0.32129573822021484,0.013333333333333334,0.005
4,30,10,180,18,0,ElectricalFaultDetection,32,2.063892126083374,0.0011124610900878906,0.3552231788635254,0.004163197335553705,0.002497918401332223
4,30,10,181,18,1,ElectricalFaultDetection,32,2.096565008163452,0.00106048583984375,0.4123663902282715,0.005,0.0033333333333333335
4,30,10,182,18,2,ElectricalFaultDetection,32,2.0956411361694336,0.0011348724365234375,0.39670348167419434,0.0075,0.0075
4,30,10,183,18,3,ElectricalFaultDetection,32,1.82120943069458,0.0010802745819091797,0.3369431495666504,0.008333333333333333,0.010833333333333334
4,30,10,184,18,4,ElectricalFaultDetection,32,1.9581551551818848,0.0010590553283691406,0.3726463317871094,0.01,0.009166666666666667
4,30,10,185,18,5,ElectricalFaultDetection,32,1.622171401977539,0.0010578632354736328,0.3096916675567627,0.01,0.005833333333333334
4,30,10,186,18,6,ElectricalFaultDetection,32,1.8735201358795166,0.0010607242584228516,0.36219358444213867,0.005833333333333334,0.0025
4,30,10,187,18,7,ElectricalFaultDetection,32,1.9351773262023926,0.0011584758758544922,0.3740861415863037,0.004166666666666667,0.006666666666666667
4,30,10,188,18,8,ElectricalFaultDetection,32,1.9932935237884521,0.0011227130889892578,0.37793564796447754,0.005833333333333334,0.004166666666666667
4,30,10,189,18,9,ElectricalFaultDetection,32,2.154020071029663,0.0010533332824707031,0.428236722946167,0.009166666666666667,0.005833333333333334
4,30,10,190,19,0,ElectricalFaultDetection,32,2.2103519439697266,0.001035451889038086,0.39276719093322754,0.010824313072439634,0.011656952539550375
4,30,10,191,19,1,ElectricalFaultDetection,32,1.7311582565307617,0.00101470947265625,0.3264598846435547,0.011666666666666667,0.005833333333333334
4,30,10,192,19,2,ElectricalFaultDetection,32,1.954042673110962,0.001108407974243164,0.3735954761505127,0.006666666666666667,0.0075
4,30,10,193,19,3,ElectricalFaultDetection,32,1.9332563877105713,0.0013866424560546875,0.39362192153930664,0.005833333333333334,0.004166666666666667
4,30,10,194,19,4,ElectricalFaultDetection,32,2.1568405628204346,0.001142263412475586,0.3890223503112793,0.005,0.005
4,30,10,195,19,5,ElectricalFaultDetection,32,1.896073818206787,0.0010266304016113281,0.377643346786499,0.006666666666666667,0.004166666666666667
4,30,10,196,19,6,ElectricalFaultDetection,32,2.003824472427368,0.0009987354278564453,0.39401745796203613,0.005833333333333334,0.011666666666666667
4,30,10,197,19,7,ElectricalFaultDetection,32,2.3513824939727783,0.001032114028930664,0.4098503589630127,0.005,0.0025
4,30,10,198,19,8,ElectricalFaultDetection,32,1.8682327270507812,0.0011305809020996094,0.3687310218811035,0.006666666666666667,0.005833333333333334
4,30,10,199,19,9,ElectricalFaultDetection,32,1.7995972633361816,0.0010135173797607422,0.34580397605895996,0.009166666666666667,0.005
4,30,10,200,20,0,ElectricalFaultDetection,32,2.2740635871887207,0.0010304450988769531,0.43316030502319336,0.00832639467110741,0.00749375520399667
4,30,10,201,20,1,ElectricalFaultDetection,32,2.2635626792907715,0.0010149478912353516,0.4258582592010498,0.0075,0.005833333333333334
4,30,10,202,20,2,ElectricalFaultDetection,32,2.264723539352417,0.001024484634399414,0.4056129455566406,0.005833333333333334,0.0033333333333333335
4,30,10,203,20,3,ElectricalFaultDetection,32,2.132894515991211,0.0011203289031982422,0.3725152015686035,0.010833333333333334,0.0033333333333333335
4,30,10,204,20,4,ElectricalFaultDetection,32,2.264518976211548,0.001062631607055664,0.40030670166015625,0.004166666666666667,0.0033333333333333335
4,30,10,205,20,5,ElectricalFaultDetection,32,1.8798117637634277,0.0011146068572998047,0.36910009384155273,0.009166666666666667,0.008333333333333333
4,30,10,206,20,6,ElectricalFaultDetection,32,1.6981215476989746,0.001129150390625,0.3433573246002197,0.0033333333333333335,0.005833333333333334
4,30,10,207,20,7,ElectricalFaultDetection,32,1.7404649257659912,0.0011508464813232422,0.3493940830230713,0.013333333333333334,0.0033333333333333335
4,30,10,208,20,8,ElectricalFaultDetection,32,2.0066871643066406,0.0010628700256347656,0.3899362087249756,0.010833333333333334,0.008333333333333333
4,30,10,209,20,9,ElectricalFaultDetection,32,1.676112174987793,0.0010700225830078125,0.33124709129333496,0.005,0.005
4,30,10,210,21,0,ElectricalFaultDetection,32,1.931142807006836,0.0009992122650146484,0.3722105026245117,0.00749375520399667,0.009159034138218152
4,30,10,211,21,1,ElectricalFaultDetection,32,2.314025402069092,0.0010640621185302734,0.4650576114654541,0.004166666666666667,0.006666666666666667
4,30,10,212,21,2,ElectricalFaultDetection,32,2.0081915855407715,0.001012563705444336,0.37729763984680176,0.005,0.005
4,30,10,213,21,3,ElectricalFaultDetection,32,1.9472012519836426,0.0010769367218017578,0.3869051933288574,0.011666666666666667,0.0033333333333333335
4,30,10,214,21,4,ElectricalFaultDetection,32,1.9014172554016113,0.0010859966278076172,0.3598024845123291,0.006666666666666667,0.006666666666666667
4,30,10,215,21,5,ElectricalFaultDetection,32,1.9024109840393066,0.0010423660278320312,0.34915685653686523,0.009166666666666667,0.005833333333333334
4,30,10,216,21,6,ElectricalFaultDetection,32,1.7531509399414062,0.0010402202606201172,0.3125479221343994,0.008333333333333333,0.008333333333333333
4,30,10,217,21,7,ElectricalFaultDetection,32,1.854081630706787,0.0010311603546142578,0.37053871154785156,0.02,0.010833333333333334
4,30,10,218,21,8,ElectricalFaultDetection,32,1.9617621898651123,0.0018570423126220703,0.4054558277130127,0.0075,0.004166666666666667
4,30,10,219,21,9,ElectricalFaultDetection,32,2.148571252822876,0.001071929931640625,0.35953426361083984,0.008333333333333333,0.004166666666666667
4,30,10,220,22,0,ElectricalFaultDetection,32,1.9557485580444336,0.0010797977447509766,0.3633229732513428,0.002497918401332223,0.0016652789342214821
4,30,10,221,22,1,ElectricalFaultDetection,32,1.9893085956573486,0.0011148452758789062,0.3889753818511963,0.008333333333333333,0.0033333333333333335
4,30,10,222,22,2,ElectricalFaultDetection,32,1.9301681518554688,0.001318216323852539,0.38202738761901855,0.004166666666666667,0.0025
4,30,10,223,22,3,ElectricalFaultDetection,32,1.9257304668426514,0.00106048583984375,0.3703935146331787,0.005,0.01
4,30,10,224,22,4,ElectricalFaultDetection,32,1.9664170742034912,0.0010666847229003906,0.3543720245361328,0.008333333333333333,0.0075
4,30,10,225,22,5,ElectricalFaultDetection,32,2.1225991249084473,0.0011370182037353516,0.4070427417755127,0.014166666666666666,0.004166666666666667
4,30,10,226,22,6,ElectricalFaultDetection,32,1.9113497734069824,0.0010039806365966797,0.3334038257598877,0.008333333333333333,0.005833333333333334
4,30,10,227,22,7,ElectricalFaultDetection,32,2.2951576709747314,0.0010728836059570312,0.4216620922088623,0.0075,0.006666666666666667
4,30,10,228,22,8,ElectricalFaultDetection,32,2.2534847259521484,0.001018524169921875,0.4180481433868408,0.008333333333333333,0.009166666666666667
4,30,10,229,22,9,ElectricalFaultDetection,32,1.9581034183502197,0.001111745834350586,0.3641948699951172,0.006666666666666667,0.008333333333333333
4,30,10,230,23,0,ElectricalFaultDetection,32,1.9288051128387451,0.0010361671447753906,0.35976457595825195,0.0033305578684429643,0.002497918401332223
4,30,10,231,23,1,ElectricalFaultDetection,32,1.9021339416503906,0.0010547637939453125,0.3727259635925293,0.010833333333333334,0.005
4,30,10,232,23,2,ElectricalFaultDetection,32,1.8114054203033447,0.001049041748046875,0.3609757423400879,0.006666666666666667,0.005
4,30,10,233,23,3,ElectricalFaultDetection,32,1.9958000183105469,0.0010929107666015625,0.36050915718078613,0.0025,0.004166666666666667
4,30,10,234,23,4,ElectricalFaultDetection,32,1.884446620941162,0.0010845661163330078,0.352628231048584,0.008333333333333333,0.004166666666666667
4,30,10,235,23,5,ElectricalFaultDetection,32,1.9941017627716064,0.0010695457458496094,0.38184523582458496,0.005833333333333334,0.005
4,30,10,236,23,6,ElectricalFaultDetection,32,1.7238860130310059,0.0009725093841552734,0.3224186897277832,0.008333333333333333,0.005833333333333334
4,30,10,237,23,7,ElectricalFaultDetection,32,1.9798965454101562,0.0010237693786621094,0.4376235008239746,0.010833333333333334,0.010833333333333334
4,30,10,238,23,8,ElectricalFaultDetection,32,1.9359357357025146,0.0010921955108642578,0.3839151859283447,0.011666666666666667,0.008333333333333333
4,30,10,239,23,9,ElectricalFaultDetection,32,1.6324074268341064,0.0010881423950195312,0.31843137741088867,0.008333333333333333,0.004166666666666667
4,30,10,240,24,0,ElectricalFaultDetection,32,2.525765895843506,0.0010304450988769531,0.4233715534210205,0.00832639467110741,0.0033305578684429643
4,30,10,241,24,1,ElectricalFaultDetection,32,1.8043856620788574,0.0010232925415039062,0.37499046325683594,0.005,0.004166666666666667
4,30,10,242,24,2,ElectricalFaultDetection,32,1.6818838119506836,0.0009663105010986328,0.3624274730682373,0.0125,0.014166666666666666
4,30,10,243,24,3,ElectricalFaultDetection,32,2.4215919971466064,0.0010449886322021484,0.43381595611572266,0.005833333333333334,0.009166666666666667
4,30,10,244,24,4,ElectricalFaultDetection,32,2.0015602111816406,0.0009684562683105469,0.406125545501709,0.009166666666666667,0.006666666666666667
4,30,10,245,24,5,ElectricalFaultDetection,32,1.9886016845703125,0.0011222362518310547,0.3777949810028076,0.0075,0.005833333333333334
4,30,10,246,24,6,ElectricalFaultDetection,32,2.2013731002807617,0.0011379718780517578,0.402693510055542,0.004166666666666667,0.004166666666666667
4,30,10,247,24,7,ElectricalFaultDetection,32,1.8981070518493652,0.0010616779327392578,0.3870847225189209,0.010833333333333334,0.01
4,30,10,248,24,8,ElectricalFaultDetection,32,1.5168983936309814,0.0010554790496826172,0.3048422336578369,0.006666666666666667,0.006666666666666667
4,30,10,249,24,9,ElectricalFaultDetection,32,1.8009331226348877,0.0010387897491455078,0.3499009609222412,0.010833333333333334,0.0125
4,30,10,250,25,0,ElectricalFaultDetection,32,1.7209813594818115,0.0009915828704833984,0.3382730484008789,0.005828476269775187,0.00749375520399667
4,30,10,251,25,1,ElectricalFaultDetection,32,1.8837480545043945,0.0010914802551269531,0.3429548740386963,0.0025,0.005833333333333334
4,30,10,252,25,2,ElectricalFaultDetection,32,1.890749216079712,0.0010409355163574219,0.36014771461486816,0.0025,0.0008333333333333334
4,30,10,253,25,3,ElectricalFaultDetection,32,1.9101710319519043,0.0010728836059570312,0.36902546882629395,0.015833333333333335,0.0075
4,30,10,254,25,4,ElectricalFaultDetection,32,2.04244065284729,0.0010514259338378906,0.39059948921203613,0.008333333333333333,0.005
4,30,10,255,25,5,ElectricalFaultDetection,32,1.8475356101989746,0.0010480880737304688,0.3602583408355713,0.006666666666666667,0.008333333333333333
4,30,10,256,25,6,ElectricalFaultDetection,32,2.2497897148132324,0.001054525375366211,0.415942907333374,0.008333333333333333,0.005
4,30,10,257,25,7,ElectricalFaultDetection,32,1.9958267211914062,0.0009617805480957031,0.3538987636566162,0.013333333333333334,0.015833333333333335
4,30,10,258,25,8,ElectricalFaultDetection,32,2.233491897583008,0.0009748935699462891,0.43451452255249023,0.011666666666666667,0.006666666666666667
4,30,10,259,25,9,ElectricalFaultDetection,32,1.7259678840637207,0.0011527538299560547,0.35889315605163574,0.019166666666666665,0.0075
4,30,10,260,26,0,ElectricalFaultDetection,32,1.878103494644165,0.001005411148071289,0.3444669246673584,0.00832639467110741,0.006661115736885929
4,30,10,261,26,1,ElectricalFaultDetection,32,1.9917712211608887,0.0010526180267333984,0.41354942321777344,0.004166666666666667,0.005
4,30,10,262,26,2,ElectricalFaultDetection,32,1.7300455570220947,0.0010559558868408203,0.3337218761444092,0.01,0.005
4,30,10,263,26,3,ElectricalFaultDetection,32,1.9603915214538574,0.0010654926300048828,0.3692777156829834,0.0075,0.005833333333333334
4,30,10,264,26,4,ElectricalFaultDetection,32,2.086137533187866,0.0011682510375976562,0.40035557746887207,0.005833333333333334,0.005
4,30,10,265,26,5,ElectricalFaultDetection,32,1.9489200115203857,0.0010480880737304688,0.3605473041534424,0.004166666666666667,0.006666666666666667
4,30,10,266,26,6,ElectricalFaultDetection,32,2.1321449279785156,0.001100301742553711,0.40716981887817383,0.006666666666666667,0.010833333333333334
4,30,10,267,26,7,ElectricalFaultDetection,32,2.2197630405426025,0.0010404586791992188,0.3818514347076416,0.004166666666666667,0.0075
4,30,10,268,26,8,ElectricalFaultDetection,32,2.076002597808838,0.0010497570037841797,0.3816230297088623,0.008333333333333333,0.011666666666666667
4,30,10,269,26,9,ElectricalFaultDetection,32,2.0320286750793457,0.0010690689086914062,0.3798208236694336,0.0125,0.01
4,30,10,270,27,0,ElectricalFaultDetection,32,2.049644947052002,0.0010325908660888672,0.38495779037475586,0.004995836802664446,0.005828476269775187
4,30,10,271,27,1,ElectricalFaultDetection,32,2.0423343181610107,0.0010292530059814453,0.38671302795410156,0.009166666666666667,0.0075
4,30,10,272,27,2,ElectricalFaultDetection,32,2.1617860794067383,0.0010480880737304688,0.38051819801330566,0.011666666666666667,0.005
4,30,10,273,27,3,ElectricalFaultDetection,32,2.0001704692840576,0.0010731220245361328,0.3983640670776367,0.0016666666666666668,0.0033333333333333335
4,30,10,274,27,4,ElectricalFaultDetection,32,2.160379409790039,0.0011246204376220703,0.3767688274383545,0.005,0.004166666666666667
4,30,10,275,27,5,ElectricalFaultDetection,32,1.739192247390747,0.0009932518005371094,0.3574206829071045,0.008333333333333333,0.008333333333333333
4,30,10,276,27,6,ElectricalFaultDetection,32,2.3961434364318848,0.001074075698852539,0.44824886322021484,0.006666666666666667,0.005833333333333334
4,30,10,277,27,7,ElectricalFaultDetection,32,1.9656031131744385,0.0010182857513427734,0.36989355087280273,0.008333333333333333,0.004166666666666667
4,30,10,278,27,8,ElectricalFaultDetection,32,1.7926056385040283,0.0010590553283691406,0.37082934379577637,0.006666666666666667,0.006666666666666667
4,30,10,279,27,9,ElectricalFaultDetection,32,2.088642120361328,0.0011131763458251953,0.37086963653564453,0.011666666666666667,0.005
4,30,10,280,28,0,ElectricalFaultDetection,32,2.2949447631835938,0.0010328292846679688,0.4067952632904053,0.002497918401332223,0.0008326394671107411
4,30,10,281,28,1,ElectricalFaultDetection,32,2.064450979232788,0.0010254383087158203,0.3702127933502197,0.0075,0.0025
4,30,10,282,28,2,ElectricalFaultDetection,32,2.53079891204834,0.0010902881622314453,0.43613290786743164,0.005833333333333334,0.006666666666666667
4,30,10,283,28,3,ElectricalFaultDetection,32,1.7947437763214111,0.0010673999786376953,0.34604835510253906,0.010833333333333334,0.004166666666666667
4,30,10,284,28,4,ElectricalFaultDetection,32,1.8582520484924316,0.0010313987731933594,0.34941601753234863,0.005833333333333334,0.006666666666666667
4,30,10,285,28,5,ElectricalFaultDetection,32,1.9483098983764648,0.0010144710540771484,0.36804676055908203,0.0033333333333333335,0.011666666666666667
4,30,10,286,28,6,ElectricalFaultDetection,32,1.9228289127349854,0.001001596450805664,0.3672959804534912,0.0008333333333333334,0.005
4,30,10,287,28,7,ElectricalFaultDetection,32,1.951228141784668,0.0010519027709960938,0.3859548568725586,0.010833333333333334,0.008333333333333333
4,30,10,288,28,8,ElectricalFaultDetection,32,2.212676763534546,0.0011096000671386719,0.3997223377227783,0.006666666666666667,0.0025
4,30,10,289,28,9,ElectricalFaultDetection,32,2.0265896320343018,0.0010638236999511719,0.405254602432251,0.0225,0.011666666666666667
4,30,10,290,29,0,ElectricalFaultDetection,32,2.141495704650879,0.0010137557983398438,0.403825044631958,0.009159034138218152,0.013322231473771857
4,30,10,291,29,1,ElectricalFaultDetection,32,1.8412539958953857,0.0010263919830322266,0.3508164882659912,0.019166666666666665,0.009166666666666667
4,30,10,292,29,2,ElectricalFaultDetection,32,2.089942216873169,0.0010573863983154297,0.3891637325286865,0.005,0.006666666666666667
4,30,10,293,29,3,ElectricalFaultDetection,32,2.17891001701355,0.0010590553283691406,0.3835890293121338,0.0025,0.005
4,30,10,294,29,4,ElectricalFaultDetection,32,2.085505962371826,0.001016855239868164,0.35840630531311035,0.008333333333333333,0.0075
4,30,10,295,29,5,ElectricalFaultDetection,32,1.9435629844665527,0.0010099411010742188,0.3566427230834961,0.005833333333333334,0.005
4,30,10,296,29,6,ElectricalFaultDetection,32,2.3518660068511963,0.0010902881622314453,0.4008951187133789,0.005833333333333334,0.004166666666666667
4,30,10,297,29,7,ElectricalFaultDetection,32,2.067167282104492,0.0010633468627929688,0.3704097270965576,0.009166666666666667,0.004166666666666667
4,30,10,298,29,8,ElectricalFaultDetection,32,1.845271110534668,0.0010652542114257812,0.3768908977508545,0.008333333333333333,0.005833333333333334
4,30,10,299,29,9,ElectricalFaultDetection,32,1.9713194370269775,0.0010569095611572266,0.3780088424682617,0.005833333333333334,0.004166666666666667
