id=1, database=ElectricalFaultDetection, repeats=30, kfold=10, proccess=4
Options(Standardize=True, initial_k=1, p_parameter=0.01, h_threshold=1, dm_case=1, s_parameter=0.15, dm_threshold=3, update_s_parameter=True, return_full_dm=False, return_full_history=False, iteration_threshold=1000000.0, kmeans_random_state=None, distance_method=3, kmeans_method=2)
1,30,10,0,0,0,ElectricalFaultDetection,4,2.719616174697876,0.0011951923370361328,0.30903196334838867,0.013322231473771857,0.006661115736885929
1,30,10,1,0,1,ElectricalFaultDetection,4,2.668912410736084,0.0011301040649414062,0.32775449752807617,0.01,0.004166666666666667
1,30,10,2,0,2,ElectricalFaultDetection,4,3.238604784011841,0.0010828971862792969,0.34865593910217285,0.009166666666666667,0.0075
1,30,10,3,0,3,ElectricalFaultDetection,4,3.8046016693115234,0.0011696815490722656,0.42609262466430664,0.0075,0.009166666666666667
1,30,10,4,0,4,ElectricalFaultDetection,4,2.9168524742126465,0.0011157989501953125,0.33080148696899414,0.005,0.004166666666666667
1,30,10,5,0,5,ElectricalFaultDetection,4,2.9684674739837646,0.0011398792266845703,0.33750438690185547,0.009166666666666667,0.0033333333333333335
1,30,10,6,0,6,ElectricalFaultDetection,4,3.234626054763794,0.001069784164428711,0.37276601791381836,0.01,0.004166666666666667
1,30,10,7,0,7,ElectricalFaultDetection,4,3.0447778701782227,0.0010652542114257812,0.33521103858947754,0.006666666666666667,0.0025
1,30,10,8,0,8,ElectricalFaultDetection,4,3.439147710800171,0.0011379718780517578,0.40094780921936035,0.0075,0.0075
1,30,10,9,0,9,ElectricalFaultDetection,4,3.4062728881835938,0.0010342597961425781,0.38617849349975586,0.009166666666666667,0.005833333333333334
1,30,10,10,1,0,ElectricalFaultDetection,4,3.1464602947235107,0.0010383129119873047,0.34987950325012207,0.0033305578684429643,0.00749375520399667
1,30,10,11,1,1,ElectricalFaultDetection,4,2.9266765117645264,0.0011475086212158203,0.34101295471191406,0.005,0.006666666666666667
1,30,10,12,1,2,ElectricalFaultDetection,4,3.3158230781555176,0.0011181831359863281,0.3672213554382324,0.008333333333333333,0.005
1,30,10,13,1,3,ElectricalFaultDetection,4,2.9101595878601074,0.0010366439819335938,0.34010958671569824,0.005,0.008333333333333333
1,30,10,14,1,4,ElectricalFaultDetection,4,3.1591734886169434,0.0010306835174560547,0.36557650566101074,0.01,0.015
1,30,10,15,1,5,ElectricalFaultDetection,4,2.8130483627319336,0.0011210441589355469,0.3151853084564209,0.006666666666666667,0.009166666666666667
1,30,10,16,1,6,ElectricalFaultDetection,4,3.53718638420105,0.0011703968048095703,0.3966231346130371,0.006666666666666667,0.005
1,30,10,17,1,7,ElectricalFaultDetection,4,2.7493443489074707,0.001050710678100586,0.2989628314971924,0.013333333333333334,0.0075
1,30,10,18,1,8,ElectricalFaultDetection,4,2.5371253490448,0.001110076904296875,0.3123288154602051,0.005,0.0075
1,30,10,19,1,9,ElectricalFaultDetection,4,3.4536242485046387,0.0010333061218261719,0.4014427661895752,0.008333333333333333,0.004166666666666667
1,30,10,20,2,0,ElectricalFaultDetection,4,3.3564767837524414,0.0010173320770263672,0.3723020553588867,0.002497918401332223,0.004163197335553705
1,30,10,21,2,1,ElectricalFaultDetection,4,3.0349555015563965,0.0011272430419921875,0.35393452644348145,0.008333333333333333,0.005833333333333334
1,30,10,22,2,2,ElectricalFaultDetection,4,3.621778726577759,0.0011410713195800781,0.39963626861572266,0.006666666666666667,0.004166666666666667
1,30,10,23,2,3,ElectricalFaultDetection,4,3.349672555923462,0.0010924339294433594,0.37241053581237793,0.005,0.005
1,30,10,24,2,4,ElectricalFaultDetection,4,2.7349326610565186,0.0011856555938720703,0.32119107246398926,0.005833333333333334,0.004166666666666667
1,30,10,25,2,5,ElectricalFaultDetection,4,3.427644729614258,0.00113677978515625,0.3890063762664795,0.005833333333333334,0.008333333333333333
1,30,10,26,2,6,ElectricalFaultDetection,4,3.384585380554199,0.0011539459228515625,0.3907296657562256,0.005833333333333334,0.004166666666666667
1,30,10,27,2,7,ElectricalFaultDetection,4,2.8114850521087646,0.0011243820190429688,0.328296422958374,0.014166666666666666,0.010833333333333334
1,30,10,28,2,8,ElectricalFaultDetection,4,3.638705253601074,0.0010802745819091797,0.38341856002807617,0.018333333333333333,0.004166666666666667
1,30,10,29,2,9,ElectricalFaultDetection,4,3.5653905868530273,0.0011332035064697266,0.3961310386657715,0.0033333333333333335,0.0075
1,30,10,30,3,0,ElectricalFaultDetection,4,3.945666790008545,0.0011172294616699219,0.44037508964538574,0.004163197335553705,0.004995836802664446
1,30,10,31,3,1,ElectricalFaultDetection,4,3.3823912143707275,0.0010628700256347656,0.3875763416290283,0.013333333333333334,0.015833333333333335
1,30,10,32,3,2,ElectricalFaultDetection,4,2.935014009475708,0.0010402202606201172,0.3123815059661865,0.0025,0.0033333333333333335
1,30,10,33,3,3,ElectricalFaultDetection,4,3.533367872238159,0.0010209083557128906,0.3867173194885254,0.014166666666666666,0.016666666666666666
1,30,10,34,3,4,ElectricalFaultDetection,4,2.747972011566162,0.0010325908660888672,0.314638614654541,0.013333333333333334,0.011666666666666667
1,30,10,35,3,5,ElectricalFaultDetection,4,3.3068606853485107,0.001150369644165039,0.39522409439086914,0.006666666666666667,0.004166666666666667
1,30,10,36,3,6,ElectricalFaultDetection,4,3.2654545307159424,0.0011093616485595703,0.3788425922393799,0.013333333333333334,0.014166666666666666
1,30,10,37,3,7,ElectricalFaultDetection,4,3.0522215366363525,0.0010619163513183594,0.33730196952819824,0.005833333333333334,0.005
1,30,10,38,3,8,ElectricalFaultDetection,4,3.0228395462036133,0.0012025833129882812,0.34178948402404785,0.004166666666666667,0.005833333333333334
1,30,10,39,3,9,ElectricalFaultDetection,4,3.0637056827545166,0.0011246204376220703,0.3684113025665283,0.008333333333333333,0.008333333333333333
1,30,10,40,4,0,ElectricalFaultDetection,4,3.194098949432373,0.0010957717895507812,0.35511016845703125,0.009159034138218152,0.004995836802664446
1,30,10,41,4,1,ElectricalFaultDetection,4,3.4533073902130127,0.0010671615600585938,0.386643648147583,0.01,0.010833333333333334
1,30,10,42,4,2,ElectricalFaultDetection,4,3.1788787841796875,0.0011219978332519531,0.37137937545776367,0.005833333333333334,0.006666666666666667
1,30,10,43,4,3,ElectricalFaultDetection,4,2.8935158252716064,0.0010564327239990234,0.3470749855041504,0.005833333333333334,0.005833333333333334
1,30,10,44,4,4,ElectricalFaultDetection,4,3.032877206802368,0.0011262893676757812,0.34213852882385254,0.006666666666666667,0.005
1,30,10,45,4,5,ElectricalFaultDetection,4,3.219125986099243,0.0010514259338378906,0.3702723979949951,0.006666666666666667,0.005833333333333334
1,30,10,46,4,6,ElectricalFaultDetection,4,3.4942259788513184,0.0011463165283203125,0.36272382736206055,0.0075,0.0033333333333333335
1,30,10,47,4,7,ElectricalFaultDetection,4,2.8051960468292236,0.0011332035064697266,0.3616917133331299,0.009166666666666667,0.008333333333333333
1,30,10,48,4,8,ElectricalFaultDetection,4,2.552737236022949,0.0010073184967041016,0.30724453926086426,0.0075,0.01
1,30,10,49,4,9,ElectricalFaultDetection,4,3.97387957572937,0.001055002212524414,0.42525649070739746,0.008333333333333333,0.006666666666666667
1,30,10,50,5,0,ElectricalFaultDetection,4,3.2058727741241455,0.0010426044464111328,0.3785722255706787,0.009159034138218152,0.0033305578684429643
1,30,10,51,5,1,ElectricalFaultDetection,4,3.0475704669952393,0.0011477470397949219,0.3418447971343994,0.0075,0.005
1,30,10,52,5,2,ElectricalFaultDetection,4,3.1967718601226807,0.0011222362518310547,0.3645317554473877,0.005833333333333334,0.005
1,30,10,53,5,3,ElectricalFaultDetection,4,3.5864486694335938,0.0010714530944824219,0.39122819900512695,0.0075,0.013333333333333334
1,30,10,54,5,4,ElectricalFaultDetection,4,3.0046653747558594,0.0011081695556640625,0.34246301651000977,0.009166666666666667,0.005833333333333334
1,30,10,55,5,5,ElectricalFaultDetection,4,2.9013168811798096,0.001146078109741211,0.32704973220825195,0.01,0.005
1,30,10,56,5,6,ElectricalFaultDetection,4,2.7635443210601807,0.0011281967163085938,0.31486058235168457,0.0075,0.005
1,30,10,57,5,7,ElectricalFaultDetection,4,2.986372470855713,0.0011067390441894531,0.36365842819213867,0.008333333333333333,0.0033333333333333335
1,30,10,58,5,8,ElectricalFaultDetection,4,3.199899435043335,0.0011060237884521484,0.33368754386901855,0.005833333333333334,0.010833333333333334
1,30,10,59,5,9,ElectricalFaultDetection,4,3.2860097885131836,0.001123666763305664,0.38435864448547363,0.005833333333333334,0.006666666666666667
1,30,10,60,6,0,ElectricalFaultDetection,4,3.492792844772339,0.0010721683502197266,0.39251160621643066,0.005828476269775187,0.006661115736885929
1,30,10,61,6,1,ElectricalFaultDetection,4,3.6065123081207275,0.001123189926147461,0.39584827423095703,0.006666666666666667,0.009166666666666667
1,30,10,62,6,2,ElectricalFaultDetection,4,3.419081449508667,0.00116729736328125,0.39491796493530273,0.009166666666666667,0.009166666666666667
1,30,10,63,6,3,ElectricalFaultDetection,4,3.617816209793091,0.0010983943939208984,0.421053409576416,0.01,0.006666666666666667
1,30,10,64,6,4,ElectricalFaultDetection,4,2.8201565742492676,0.0011229515075683594,0.31722593307495117,0.0075,0.0033333333333333335
1,30,10,65,6,5,ElectricalFaultDetection,4,3.0027434825897217,0.0011167526245117188,0.3299691677093506,0.0075,0.008333333333333333
1,30,10,66,6,6,ElectricalFaultDetection,4,2.8897175788879395,0.0012090206146240234,0.3288404941558838,0.005833333333333334,0.0025
1,30,10,67,6,7,ElectricalFaultDetection,4,3.3349368572235107,0.0009474754333496094,0.3790771961212158,0.005833333333333334,0.0033333333333333335
1,30,10,68,6,8,ElectricalFaultDetection,4,2.857116937637329,0.0010356903076171875,0.32534146308898926,0.01,0.011666666666666667
1,30,10,69,6,9,ElectricalFaultDetection,4,3.3216848373413086,0.0012085437774658203,0.36905455589294434,0.005,0.0016666666666666668
1,30,10,70,7,0,ElectricalFaultDetection,4,3.0372414588928223,0.0010833740234375,0.3416101932525635,0.00832639467110741,0.004995836802664446
1,30,10,71,7,1,ElectricalFaultDetection,4,3.201874256134033,0.0011835098266601562,0.34821224212646484,0.013333333333333334,0.004166666666666667
1,30,10,72,7,2,ElectricalFaultDetection,4,3.5108938217163086,0.001169443130493164,0.3831768035888672,0.0033333333333333335,0.005833333333333334
1,30,10,73,7,3,ElectricalFaultDetection,4,3.4770045280456543,0.0011124610900878906,0.3842332363128662,0.0025,0.0033333333333333335
1,30,10,74,7,4,ElectricalFaultDetection,4,3.2413134574890137,0.0011470317840576172,0.36826109886169434,0.010833333333333334,0.005
1,30,10,75,7,5,ElectricalFaultDetection,4,3.4628212451934814,0.0010693073272705078,0.39223766326904297,0.015833333333333335,0.005
1,30,10,76,7,6,ElectricalFaultDetection,4,3.3901493549346924,0.001085042953491211,0.410153865814209,0.010833333333333334,0.004166666666666667
1,30,10,77,7,7,ElectricalFaultDetection,4,3.143951416015625,0.0010492801666259766,0.3587479591369629,0.006666666666666667,0.008333333333333333
1,30,10,78,7,8,ElectricalFaultDetection,4,3.3456642627716064,0.0010423660278320312,0.3883955478668213,0.010833333333333334,0.005
1,30,10,79,7,9,ElectricalFaultDetection,4,3.596259117126465,0.001039266586303711,0.418778657913208,0.005833333333333334,0.0075
1,30,10,80,8,0,ElectricalFaultDetection,4,3.1153886318206787,0.0010190010070800781,0.3556530475616455,0.010824313072439634,0.004163197335553705
1,30,10,81,8,1,ElectricalFaultDetection,4,2.7995781898498535,0.0011680126190185547,0.3140594959259033,0.011666666666666667,0.005
1,30,10,82,8,2,ElectricalFaultDetection,4,3.103241443634033,0.001161813735961914,0.33808445930480957,0.005833333333333334,0.004166666666666667
1,30,10,83,8,3,ElectricalFaultDetection,4,3.441042423248291,0.0010881423950195312,0.37397336959838867,0.005,0.006666666666666667
1,30,10,84,8,4,ElectricalFaultDetection,4,3.092510223388672,0.0011477470397949219,0.3710746765136719,0.013333333333333334,0.009166666666666667
1,30,10,85,8,5,ElectricalFaultDetection,4,2.493199586868286,0.0011019706726074219,0.2985544204711914,0.004166666666666667,0.004166666666666667
1,30,10,86,8,6,ElectricalFaultDetection,4,3.058560609817505,0.001169443130493164,0.3479037284851074,0.004166666666666667,0.0033333333333333335
1,30,10,87,8,7,ElectricalFaultDetection,4,3.4008333683013916,0.0010700225830078125,0.3766903877258301,0.005833333333333334,0.005833333333333334
1,30,10,88,8,8,ElectricalFaultDetection,4,3.334912061691284,0.00112152099609375,0.36754393577575684,0.009166666666666667,0.01
1,30,10,89,8,9,ElectricalFaultDetection,4,3.3778910636901855,0.0011661052703857422,0.37451601028442383,0.008333333333333333,0.006666666666666667
1,30,10,90,9,0,ElectricalFaultDetection,4,3.3575639724731445,0.0010941028594970703,0.3974335193634033,0.006661115736885929,0.011656952539550375
1,30,10,91,9,1,ElectricalFaultDetection,4,3.464226722717285,0.001241922378540039,0.3977358341217041,0.005,0.005
1,30,10,92,9,2,ElectricalFaultDetection,4,3.515993118286133,0.0011625289916992188,0.3664383888244629,0.0075,0.005833333333333334
1,30,10,93,9,3,ElectricalFaultDetection,4,2.829202175140381,0.0011451244354248047,0.3174772262573242,0.006666666666666667,0.006666666666666667
1,30,10,94,9,4,ElectricalFaultDetection,4,3.1443889141082764,0.001154184341430664,0.3626365661621094,0.004166666666666667,0.004166666666666667
1,30,10,95,9,5,ElectricalFaultDetection,4,3.7576000690460205,0.0011510848999023438,0.42882657051086426,0.008333333333333333,0.0075
1,30,10,96,9,6,ElectricalFaultDetection,4,3.145630359649658,0.001112222671508789,0.3472762107849121,0.008333333333333333,0.0008333333333333334
1,30,10,97,9,7,ElectricalFaultDetection,4,3.164477586746216,0.0011184215545654297,0.36003899574279785,0.0033333333333333335,0.005833333333333334
1,30,10,98,9,8,ElectricalFaultDetection,4,3.3182120323181152,0.0010342597961425781,0.38478875160217285,0.010833333333333334,0.005
1,30,10,99,9,9,ElectricalFaultDetection,4,3.6768953800201416,0.001051187515258789,0.427905797958374,0.01,0.005833333333333334
1,30,10,100,10,0,ElectricalFaultDetection,4,3.2263879776000977,0.0011026859283447266,0.37889528274536133,0.00749375520399667,0.006661115736885929
1,30,10,101,10,1,ElectricalFaultDetection,4,2.8511950969696045,0.0011365413665771484,0.3136763572692871,0.0025,0.0033333333333333335
1,30,10,102,10,2,ElectricalFaultDetection,4,3.3146281242370605,0.0010995864868164062,0.40809154510498047,0.008333333333333333,0.0075
1,30,10,103,10,3,ElectricalFaultDetection,4,3.2364389896392822,0.0011601448059082031,0.3416430950164795,0.0033333333333333335,0.0025
1,30,10,104,10,4,ElectricalFaultDetection,4,2.8073341846466064,0.001104116439819336,0.3630959987640381,0.006666666666666667,0.013333333333333334
1,30,10,105,10,5,ElectricalFaultDetection,4,2.857792615890503,0.0011568069458007812,0.30820536613464355,0.0075,0.005833333333333334
1,30,10,106,10,6,ElectricalFaultDetection,4,2.4532668590545654,0.0010955333709716797,0.2874915599822998,0.01,0.005
1,30,10,107,10,7,ElectricalFaultDetection,4,3.5630578994750977,0.0011279582977294922,0.39557337760925293,0.004166666666666667,0.005
1,30,10,108,10,8,ElectricalFaultDetection,4,3.5945310592651367,0.0011370182037353516,0.39440298080444336,0.01,0.0075
1,30,10,109,10,9,ElectricalFaultDetection,4,3.1467132568359375,0.0011839866638183594,0.362168550491333,0.005,0.006666666666666667
1,30,10,110,11,0,ElectricalFaultDetection,4,3.170553684234619,0.001081705093383789,0.34779787063598633,0.009159034138218152,0.004995836802664446
1,30,10,111,11,1,ElectricalFaultDetection,4,3.469113826751709,0.0011413097381591797,0.3806753158569336,0.005833333333333334,0.0033333333333333335
1,30,10,112,11,2,ElectricalFaultDetection,4,3.123844861984253,0.0011386871337890625,0.3666226863861084,0.009166666666666667,0.01
1,30,10,113,11,3,ElectricalFaultDetection,4,3.005687713623047,0.001100778579711914,0.3695807456970215,0.009166666666666667,0.009166666666666667
1,30,10,114,11,4,ElectricalFaultDetection,4,3.0751702785491943,0.0011184215545654297,0.35066866874694824,0.03166666666666667,0.004166666666666667
1,30,10,115,11,5,ElectricalFaultDetection,4,3.608552932739258,0.0011413097381591797,0.3985278606414795,0.01,0.004166666666666667
1,30,10,116,11,6,ElectricalFaultDetection,4,3.1693379878997803,0.0010366439819335938,0.40153002738952637,0.0075,0.005833333333333334
1,30,10,117,11,7,ElectricalFaultDetection,4,2.88631272315979,0.000978708267211914,0.34482240676879883,0.015,0.0175
1,30,10,118,11,8,ElectricalFaultDetection,4,2.7108354568481445,0.0008435249328613281,0.31556248664855957,0.010833333333333334,0.014166666666666666
1,30,10,119,11,9,ElectricalFaultDetection,4,3.744040012359619,0.0011091232299804688,0.3973515033721924,0.0025,0.004166666666666667
1,30,10,120,12,0,ElectricalFaultDetection,4,3.5519776344299316,0.001028299331665039,0.41419458389282227,0.01498751040799334,0.01665278934221482
1,30,10,121,12,1,ElectricalFaultDetection,4,3.5718600749969482,0.0011401176452636719,0.40834927558898926,0.006666666666666667,0.005
1,30,10,122,12,2,ElectricalFaultDetection,4,3.214214563369751,0.0011365413665771484,0.3510620594024658,0.005833333333333334,0.009166666666666667
1,30,10,123,12,3,ElectricalFaultDetection,4,2.8448755741119385,0.0010573863983154297,0.3509848117828369,0.015,0.004166666666666667
1,30,10,124,12,4,ElectricalFaultDetection,4,2.803213119506836,0.0011305809020996094,0.3316762447357178,0.009166666666666667,0.006666666666666667
1,30,10,125,12,5,ElectricalFaultDetection,4,3.098696231842041,0.001117706298828125,0.34128260612487793,0.01,0.005
1,30,10,126,12,6,ElectricalFaultDetection,4,3.45306658744812,0.0010657310485839844,0.3786005973815918,0.01,0.004166666666666667
1,30,10,127,12,7,ElectricalFaultDetection,4,3.7625608444213867,0.0010712146759033203,0.4000129699707031,0.009166666666666667,0.008333333333333333
1,30,10,128,12,8,ElectricalFaultDetection,4,2.3463761806488037,0.0010275840759277344,0.2673335075378418,0.009166666666666667,0.009166666666666667
1,30,10,129,12,9,ElectricalFaultDetection,4,3.441244602203369,0.0011227130889892578,0.3989675045013428,0.0025,0.005833333333333334
1,30,10,130,13,0,ElectricalFaultDetection,4,3.0374817848205566,0.0010530948638916016,0.3538801670074463,0.004995836802664446,0.00749375520399667
1,30,10,131,13,1,ElectricalFaultDetection,4,3.5487868785858154,0.0011034011840820312,0.3971102237701416,0.006666666666666667,0.005
1,30,10,132,13,2,ElectricalFaultDetection,4,2.944596529006958,0.0010962486267089844,0.3476564884185791,0.0125,0.0075
1,30,10,133,13,3,ElectricalFaultDetection,4,3.2540197372436523,0.0011279582977294922,0.3606884479522705,0.008333333333333333,0.009166666666666667
1,30,10,134,13,4,ElectricalFaultDetection,4,3.1706454753875732,0.0010442733764648438,0.3745427131652832,0.006666666666666667,0.005833333333333334
1,30,10,135,13,5,ElectricalFaultDetection,4,3.366626739501953,0.0010602474212646484,0.36657214164733887,0.009166666666666667,0.0075
1,30,10,136,13,6,ElectricalFaultDetection,4,3.4012534618377686,0.0010831356048583984,0.34656310081481934,0.009166666666666667,0.0075
1,30,10,137,13,7,ElectricalFaultDetection,4,3.2275876998901367,0.0011341571807861328,0.38498735427856445,0.0016666666666666668,0.004166666666666667
1,30,10,138,13,8,ElectricalFaultDetection,4,3.169353485107422,0.0011281967163085938,0.36285853385925293,0.011666666666666667,0.0075
1,30,10,139,13,9,ElectricalFaultDetection,4,3.198713779449463,0.0008931159973144531,0.3679521083831787,0.0175,0.0175
1,30,10,140,14,0,ElectricalFaultDetection,4,3.1992268562316895,0.0010483264923095703,0.3559887409210205,0.006661115736885929,0.010824313072439634
1,30,10,141,14,1,ElectricalFaultDetection,4,2.8970227241516113,0.001104116439819336,0.32334375381469727,0.005833333333333334,0.005833333333333334
1,30,10,142,14,2,ElectricalFaultDetection,4,3.239112615585327,0.0011792182922363281,0.37556934356689453,0.005,0.006666666666666667
1,30,10,143,14,3,ElectricalFaultDetection,4,3.207780599594116,0.00102996826171875,0.3770110607147217,0.010833333333333334,0.013333333333333334
1,30,10,144,14,4,ElectricalFaultDetection,4,3.4309563636779785,0.001043558120727539,0.3972201347351074,0.009166666666666667,0.004166666666666667
1,30,10,145,14,5,ElectricalFaultDetection,4,2.9679858684539795,0.0010089874267578125,0.34511446952819824,0.009166666666666667,0.01
1,30,10,146,14,6,ElectricalFaultDetection,4,3.252638339996338,0.0011126995086669922,0.36012721061706543,0.005,0.005
1,30,10,147,14,7,ElectricalFaultDetection,4,3.1536455154418945,0.0011157989501953125,0.3585934638977051,0.0075,0.009166666666666667
1,30,10,148,14,8,ElectricalFaultDetection,4,3.3066701889038086,0.0011653900146484375,0.3633613586425781,0.005833333333333334,0.005833333333333334
1,30,10,149,14,9,ElectricalFaultDetection,4,3.152909517288208,0.0010747909545898438,0.3719964027404785,0.01,0.015
1,30,10,150,15,0,ElectricalFaultDetection,4,3.1789402961730957,0.0011174678802490234,0.34946513175964355,0.004995836802664446,0.006661115736885929
1,30,10,151,15,1,ElectricalFaultDetection,4,2.9567630290985107,0.001161336898803711,0.34618377685546875,0.006666666666666667,0.0075
1,30,10,152,15,2,ElectricalFaultDetection,4,2.5794875621795654,0.0008633136749267578,0.2929408550262451,0.025,0.0225
1,30,10,153,15,3,ElectricalFaultDetection,4,2.9162254333496094,0.0011096000671386719,0.32402968406677246,0.0075,0.008333333333333333
1,30,10,154,15,4,ElectricalFaultDetection,4,3.4136788845062256,0.0010962486267089844,0.3552694320678711,0.005833333333333334,0.006666666666666667
1,30,10,155,15,5,ElectricalFaultDetection,4,3.088162422180176,0.0010516643524169922,0.3563659191131592,0.0075,0.0175
1,30,10,156,15,6,ElectricalFaultDetection,4,3.371814489364624,0.0011241436004638672,0.36426520347595215,0.009166666666666667,0.006666666666666667
1,30,10,157,15,7,ElectricalFaultDetection,4,3.1877260208129883,0.0010669231414794922,0.37658166885375977,0.0075,0.0016666666666666668
1,30,10,158,15,8,ElectricalFaultDetection,4,2.8537797927856445,0.0011229515075683594,0.3318798542022705,0.005833333333333334,0.005
1,30,10,159,15,9,ElectricalFaultDetection,4,3.054574966430664,0.0010979175567626953,0.3308262825012207,0.004166666666666667,0.0033333333333333335
1,30,10,160,16,0,ElectricalFaultDetection,4,2.461621046066284,0.0010766983032226562,0.3300669193267822,0.009159034138218152,0.004995836802664446
1,30,10,161,16,1,ElectricalFaultDetection,4,2.8330373764038086,0.0011529922485351562,0.3156428337097168,0.0033333333333333335,0.005
1,30,10,162,16,2,ElectricalFaultDetection,4,3.1966731548309326,0.0011241436004638672,0.35719943046569824,0.013333333333333334,0.006666666666666667
1,30,10,163,16,3,ElectricalFaultDetection,4,3.0979511737823486,0.0010747909545898438,0.3659510612487793,0.006666666666666667,0.009166666666666667
1,30,10,164,16,4,ElectricalFaultDetection,4,2.8840670585632324,0.0009086132049560547,0.3170762062072754,0.010833333333333334,0.009166666666666667
1,30,10,165,16,5,ElectricalFaultDetection,4,3.1720309257507324,0.0010995864868164062,0.3651244640350342,0.010833333333333334,0.014166666666666666
1,30,10,166,16,6,ElectricalFaultDetection,4,2.935426950454712,0.001077413558959961,0.32450103759765625,0.004166666666666667,0.005833333333333334
1,30,10,167,16,7,ElectricalFaultDetection,4,3.286250352859497,0.0010497570037841797,0.36848020553588867,0.006666666666666667,0.004166666666666667
1,30,10,168,16,8,ElectricalFaultDetection,4,3.1485705375671387,0.001093149185180664,0.36962199211120605,0.004166666666666667,0.004166666666666667
1,30,10,169,16,9,ElectricalFaultDetection,4,3.297422170639038,0.001096487045288086,0.37350940704345703,0.010833333333333334,0.010833333333333334
1,30,10,170,17,0,ElectricalFaultDetection,4,3.1452436447143555,0.0010101795196533203,0.36166882514953613,0.010824313072439634,0.010824313072439634
1,30,10,171,17,1,ElectricalFaultDetection,4,3.3026411533355713,0.0011467933654785156,0.3416907787322998,0.006666666666666667,0.006666666666666667
1,30,10,172,17,2,ElectricalFaultDetection,4,2.4889461994171143,0.0010936260223388672,0.29099154472351074,0.011666666666666667,0.005833333333333334
1,30,10,173,17,3,ElectricalFaultDetection,4,3.3289480209350586,0.0011463165283203125,0.37563419342041016,0.005833333333333334,0.008333333333333333
1,30,10,174,17,4,ElectricalFaultDetection,4,2.7878363132476807,0.0011091232299804688,0.3385732173919678,0.005,0.0033333333333333335
1,30,10,175,17,5,ElectricalFaultDetection,4,3.4692742824554443,0.001069784164428711,0.36826133728027344,0.008333333333333333,0.005833333333333334
1,30,10,176,17,6,ElectricalFaultDetection,4,3.0421857833862305,0.0011069774627685547,0.3552887439727783,0.0033333333333333335,0.0033333333333333335
1,30,10,177,17,7,ElectricalFaultDetection,4,3.0547773838043213,0.0010917186737060547,0.3424949645996094,0.004166666666666667,0.006666666666666667
1,30,10,178,17,8,ElectricalFaultDetection,4,3.2885115146636963,0.0011126995086669922,0.37318849563598633,0.0125,0.0033333333333333335
1,30,10,179,17,9,ElectricalFaultDetection,4,3.201723337173462,0.0010683536529541016,0.3630948066711426,0.006666666666666667,0.004166666666666667
1,30,10,180,18,0,ElectricalFaultDetection,4,2.9434423446655273,0.0010330677032470703,0.325437068939209,0.006661115736885929,0.005828476269775187
1,30,10,181,18,1,ElectricalFaultDetection,4,3.1344153881073,0.0010886192321777344,0.3574965000152588,0.008333333333333333,0.006666666666666667
1,30,10,182,18,2,ElectricalFaultDetection,4,3.180366039276123,0.0010268688201904297,0.3525514602661133,0.016666666666666666,0.0025
1,30,10,183,18,3,ElectricalFaultDetection,4,3.4007275104522705,0.0011315345764160156,0.36754679679870605,0.0075,0.004166666666666667
1,30,10,184,18,4,ElectricalFaultDetection,4,3.310359001159668,0.0011107921600341797,0.33903980255126953,0.008333333333333333,0.008333333333333333
1,30,10,185,18,5,ElectricalFaultDetection,4,3.029888153076172,0.0010919570922851562,0.36896252632141113,0.01,0.005
1,30,10,186,18,6,ElectricalFaultDetection,4,3.5256588459014893,0.0011250972747802734,0.39369869232177734,0.0075,0.005
1,30,10,187,18,7,ElectricalFaultDetection,4,2.7381577491760254,0.0010001659393310547,0.3141815662384033,0.008333333333333333,0.013333333333333334
1,30,10,188,18,8,ElectricalFaultDetection,4,3.098226547241211,0.001051187515258789,0.3665599822998047,0.005,0.005
1,30,10,189,18,9,ElectricalFaultDetection,4,3.1036908626556396,0.001104593276977539,0.349367618560791,0.0125,0.010833333333333334
1,30,10,190,19,0,ElectricalFaultDetection,4,3.3024518489837646,0.0010187625885009766,0.38881468772888184,0.004995836802664446,0.004163197335553705
1,30,10,191,19,1,ElectricalFaultDetection,4,3.2675766944885254,0.0011093616485595703,0.37467002868652344,0.006666666666666667,0.006666666666666667
1,30,10,192,19,2,ElectricalFaultDetection,4,2.7845587730407715,0.0011074542999267578,0.322979211807251,0.015833333333333335,0.006666666666666667
1,30,10,193,19,3,ElectricalFaultDetection,4,3.428562641143799,0.0010607242584228516,0.3841719627380371,0.0075,0.004166666666666667
1,30,10,194,19,4,ElectricalFaultDetection,4,3.7320806980133057,0.001116037368774414,0.4051477909088135,0.005833333333333334,0.005
1,30,10,195,19,5,ElectricalFaultDetection,4,2.9642527103424072,0.001093149185180664,0.3689291477203369,0.006666666666666667,0.0033333333333333335
1,30,10,196,19,6,ElectricalFaultDetection,4,3.3672122955322266,0.0010538101196289062,0.36968493461608887,0.006666666666666667,0.0125
1,30,10,197,19,7,ElectricalFaultDetection,4,3.177804708480835,0.0010380744934082031,0.3694119453430176,0.010833333333333334,0.006666666666666667
1,30,10,198,19,8,ElectricalFaultDetection,4,3.1906239986419678,0.0011715888977050781,0.33928656578063965,0.006666666666666667,0.005833333333333334
1,30,10,199,19,9,ElectricalFaultDetection,4,3.36023211479187,0.0011243820190429688,0.37967848777770996,0.006666666666666667,0.005
1,30,10,200,20,0,ElectricalFaultDetection,4,2.976853132247925,0.0011136531829833984,0.344557523727417,0.009159034138218152,0.005828476269775187
1,30,10,201,20,1,ElectricalFaultDetection,4,2.9877877235412598,0.0010678768157958984,0.3358571529388428,0.006666666666666667,0.005
1,30,10,202,20,2,ElectricalFaultDetection,4,2.762302875518799,0.0011467933654785156,0.3115253448486328,0.0025,0.005
1,30,10,203,20,3,ElectricalFaultDetection,4,2.6942520141601562,0.0010459423065185547,0.3083484172821045,0.0125,0.0075
1,30,10,204,20,4,ElectricalFaultDetection,4,3.406545400619507,0.0010666847229003906,0.3970150947570801,0.005833333333333334,0.009166666666666667
1,30,10,205,20,5,ElectricalFaultDetection,4,3.112082004547119,0.00115203857421875,0.3618452548980713,0.008333333333333333,0.011666666666666667
1,30,10,206,20,6,ElectricalFaultDetection,4,3.235387086868286,0.0011398792266845703,0.3618161678314209,0.004166666666666667,0.006666666666666667
1,30,10,207,20,7,ElectricalFaultDetection,4,3.133280038833618,0.0011107921600341797,0.3578057289123535,0.009166666666666667,0.006666666666666667
1,30,10,208,20,8,ElectricalFaultDetection,4,3.385932445526123,0.00098419189453125,0.38678669929504395,0.0033333333333333335,0.0025
1,30,10,209,20,9,ElectricalFaultDetection,4,3.20276141166687,0.001104116439819336,0.3563511371612549,0.0075,0.008333333333333333
1,30,10,210,21,0,ElectricalFaultDetection,4,3.634495258331299,0.0012211799621582031,0.4333646297454834,0.005828476269775187,0.0033305578684429643
1,30,10,211,21,1,ElectricalFaultDetection,4,3.101811170578003,0.0011169910430908203,0.3799140453338623,0.0075,0.0075
1,30,10,212,21,2,ElectricalFaultDetection,4,3.0888140201568604,0.001115560531616211,0.3627188205718994,0.009166666666666667,0.010833333333333334
1,30,10,213,21,3,ElectricalFaultDetection,4,3.2525579929351807,0.0011403560638427734,0.38538408279418945,0.011666666666666667,0.006666666666666667
1,30,10,214,21,4,ElectricalFaultDetection,4,3.1621572971343994,0.0010266304016113281,0.365034818649292,0.008333333333333333,0.009166666666666667
1,30,10,215,21,5,ElectricalFaultDetection,4,2.902461051940918,0.0011096000671386719,0.3482499122619629,0.01,0.013333333333333334
1,30,10,216,21,6,ElectricalFaultDetection,4,2.8577358722686768,0.0011048316955566406,0.33258652687072754,0.006666666666666667,0.009166666666666667
1,30,10,217,21,7,ElectricalFaultDetection,4,3.1858413219451904,0.0010232925415039062,0.31754040718078613,0.006666666666666667,0.006666666666666667
1,30,10,218,21,8,ElectricalFaultDetection,4,3.10438871383667,0.0010943412780761719,0.3314859867095947,0.004166666666666667,0.005833333333333334
1,30,10,219,21,9,ElectricalFaultDetection,4,3.2803280353546143,0.0010864734649658203,0.3544306755065918,0.006666666666666667,0.004166666666666667
1,30,10,220,22,0,ElectricalFaultDetection,4,3.401073694229126,0.0010344982147216797,0.37931156158447266,0.00749375520399667,0.004163197335553705
1,30,10,221,22,1,ElectricalFaultDetection,4,2.9833507537841797,0.0010547637939453125,0.3713266849517822,0.0075,0.008333333333333333
1,30,10,222,22,2,ElectricalFaultDetection,4,2.7577242851257324,0.001135110855102539,0.31041622161865234,0.004166666666666667,0.005833333333333334
1,30,10,223,22,3,ElectricalFaultDetection,4,3.477757215499878,0.0011081695556640625,0.39253902435302734,0.0075,0.011666666666666667
1,30,10,224,22,4,ElectricalFaultDetection,4,3.364997625350952,0.0011181831359863281,0.39016175270080566,0.0033333333333333335,0.005
1,30,10,225,22,5,ElectricalFaultDetection,4,2.8256032466888428,0.0011203289031982422,0.34678125381469727,0.005833333333333334,0.005833333333333334
1,30,10,226,22,6,ElectricalFaultDetection,4,2.9490408897399902,0.0011105537414550781,0.3313562870025635,0.015,0.005833333333333334
1,30,10,227,22,7,ElectricalFaultDetection,4,3.4112462997436523,0.0011174678802490234,0.35530757904052734,0.008333333333333333,0.0033333333333333335
1,30,10,228,22,8,ElectricalFaultDetection,4,2.7808773517608643,0.0010864734649658203,0.31870508193969727,0.0025,0.005833333333333334
1,30,10,229,22,9,ElectricalFaultDetection,4,3.5195677280426025,0.0010464191436767578,0.41373205184936523,0.0075,0.008333333333333333
1,30,10,230,23,0,ElectricalFaultDetection,4,2.6747913360595703,0.0010170936584472656,0.29749464988708496,0.01665278934221482,0.006661115736885929
1,30,10,231,23,1,ElectricalFaultDetection,4,3.0235795974731445,0.0011582374572753906,0.3286581039428711,0.013333333333333334,0.004166666666666667
1,30,10,232,23,2,ElectricalFaultDetection,4,2.8922617435455322,0.0011162757873535156,0.33481264114379883,0.008333333333333333,0.009166666666666667
1,30,10,233,23,3,ElectricalFaultDetection,4,2.9389071464538574,0.0011813640594482422,0.31645870208740234,0.008333333333333333,0.005833333333333334
1,30,10,234,23,4,ElectricalFaultDetection,4,3.418914318084717,0.0010883808135986328,0.3749063014984131,0.0025,0.006666666666666667
1,30,10,235,23,5,ElectricalFaultDetection,4,3.2590060234069824,0.001132965087890625,0.37141895294189453,0.014166666666666666,0.0125
1,30,10,236,23,6,ElectricalFaultDetection,4,2.8968920707702637,0.0010333061218261719,0.33045053482055664,0.014166666666666666,0.004166666666666667
1,30,10,237,23,7,ElectricalFaultDetection,4,2.9396305084228516,0.0011200904846191406,0.32710742950439453,0.0075,0.009166666666666667
1,30,10,238,23,8,ElectricalFaultDetection,4,2.821326971054077,0.0010251998901367188,0.32172179222106934,0.008333333333333333,0.009166666666666667
1,30,10,239,23,9,ElectricalFaultDetection,4,3.2369070053100586,0.0010404586791992188,0.37291669845581055,0.005,0.004166666666666667
1,30,10,240,24,0,ElectricalFaultDetection,4,3.3377535343170166,0.0011131763458251953,0.38532185554504395,0.011656952539550375,0.006661115736885929
1,30,10,241,24,1,ElectricalFaultDetection,4,2.5723938941955566,0.0010819435119628906,0.3150300979614258,0.005833333333333334,0.01
1,30,10,242,24,2,ElectricalFaultDetection,4,3.353861093521118,0.0009644031524658203,0.38841676712036133,0.009166666666666667,0.005833333333333334
1,30,10,243,24,3,ElectricalFaultDetection,4,3.262587547302246,0.0010876655578613281,0.3782331943511963,0.008333333333333333,0.009166666666666667
1,30,10,244,24,4,ElectricalFaultDetection,4,3.0769107341766357,0.00109100341796875,0.3434159755706787,0.005,0.0016666666666666668
1,30,10,245,24,5,ElectricalFaultDetection,4,3.655393600463867,0.0011322498321533203,0.4087364673614502,0.005,0.0016666666666666668
1,30,10,246,24,6,ElectricalFaultDetection,4,3.245483636856079,0.001134634017944336,0.364149808883667,0.005833333333333334,0.004166666666666667
1,30,10,247,24,7,ElectricalFaultDetection,4,3.4231107234954834,0.0011303424835205078,0.36352992057800293,0.005,0.005833333333333334
1,30,10,248,24,8,ElectricalFaultDetection,4,3.5972909927368164,0.0011141300201416016,0.38424110412597656,0.004166666666666667,0.004166666666666667
1,30,10,249,24,9,ElectricalFaultDetection,4,3.3443527221679688,0.0010585784912109375,0.3883097171783447,0.0075,0.008333333333333333
1,30,10,250,25,0,ElectricalFaultDetection,4,3.187592029571533,0.0010631084442138672,0.3750784397125244,0.01498751040799334,0.004995836802664446
1,30,10,251,25,1,ElectricalFaultDetection,4,3.2721309661865234,0.001104593276977539,0.37826108932495117,0.010833333333333334,0.009166666666666667
1,30,10,252,25,2,ElectricalFaultDetection,4,3.7457664012908936,0.0011489391326904297,0.38062071800231934,0.0033333333333333335,0.0025
1,30,10,253,25,3,ElectricalFaultDetection,4,2.660757303237915,0.0010640621185302734,0.311722993850708,0.008333333333333333,0.0025
1,30,10,254,25,4,ElectricalFaultDetection,4,3.5597832202911377,0.0010883808135986328,0.3601508140563965,0.014166666666666666,0.0075
1,30,10,255,25,5,ElectricalFaultDetection,4,2.9492015838623047,0.0010120868682861328,0.32565951347351074,0.004166666666666667,0.0025
1,30,10,256,25,6,ElectricalFaultDetection,4,3.1651716232299805,0.0011277198791503906,0.3746769428253174,0.009166666666666667,0.006666666666666667
1,30,10,257,25,7,ElectricalFaultDetection,4,2.527719259262085,0.001094818115234375,0.3138859272003174,0.009166666666666667,0.006666666666666667
1,30,10,258,25,8,ElectricalFaultDetection,4,2.9712533950805664,0.0011570453643798828,0.34271764755249023,0.005,0.0075
1,30,10,259,25,9,ElectricalFaultDetection,4,3.086557626724243,0.0011725425720214844,0.3270149230957031,0.0075,0.004166666666666667
1,30,10,260,26,0,ElectricalFaultDetection,4,2.4344868659973145,0.001104116439819336,0.2928469181060791,0.004995836802664446,0.006661115736885929
1,30,10,261,26,1,ElectricalFaultDetection,4,3.2833235263824463,0.0011086463928222656,0.3961334228515625,0.011666666666666667,0.005
1,30,10,262,26,2,ElectricalFaultDetection,4,3.7658350467681885,0.0011301040649414062,0.41800761222839355,0.008333333333333333,0.004166666666666667
1,30,10,263,26,3,ElectricalFaultDetection,4,3.342825174331665,0.0010683536529541016,0.4021775722503662,0.0075,0.008333333333333333
1,30,10,264,26,4,ElectricalFaultDetection,4,2.934576988220215,0.0010542869567871094,0.31620097160339355,0.0025,0.004166666666666667
1,30,10,265,26,5,ElectricalFaultDetection,4,2.961507797241211,0.0010030269622802734,0.33506274223327637,0.008333333333333333,0.009166666666666667
1,30,10,266,26,6,ElectricalFaultDetection,4,2.9392237663269043,0.0011115074157714844,0.3225588798522949,0.0016666666666666668,0.0025
1,30,10,267,26,7,ElectricalFaultDetection,4,3.417973518371582,0.0011143684387207031,0.3724677562713623,0.0075,0.005
1,30,10,268,26,8,ElectricalFaultDetection,4,3.16381573677063,0.0011277198791503906,0.37638163566589355,0.005833333333333334,0.011666666666666667
1,30,10,269,26,9,ElectricalFaultDetection,4,2.83364200592041,0.001186370849609375,0.31876063346862793,0.011666666666666667,0.0033333333333333335
1,30,10,270,27,0,ElectricalFaultDetection,4,3.436854124069214,0.001077890396118164,0.37595558166503906,0.006661115736885929,0.004995836802664446
1,30,10,271,27,1,ElectricalFaultDetection,4,2.9500837326049805,0.0011296272277832031,0.3233978748321533,0.008333333333333333,0.0075
1,30,10,272,27,2,ElectricalFaultDetection,4,3.5248489379882812,0.001234292984008789,0.42597389221191406,0.0008333333333333334,0.004166666666666667
1,30,10,273,27,3,ElectricalFaultDetection,4,2.8794515132904053,0.0011322498321533203,0.32068920135498047,0.01,0.005
1,30,10,274,27,4,ElectricalFaultDetection,4,3.6723814010620117,0.0010726451873779297,0.3973970413208008,0.008333333333333333,0.009166666666666667
1,30,10,275,27,5,ElectricalFaultDetection,4,3.5450797080993652,0.0011348724365234375,0.382627010345459,0.0025,0.0075
1,30,10,276,27,6,ElectricalFaultDetection,4,3.172294855117798,0.0010638236999511719,0.36911773681640625,0.005833333333333334,0.004166666666666667
1,30,10,277,27,7,ElectricalFaultDetection,4,3.317701578140259,0.0011715888977050781,0.36366748809814453,0.01,0.009166666666666667
1,30,10,278,27,8,ElectricalFaultDetection,4,3.7350306510925293,0.0010571479797363281,0.4004056453704834,0.008333333333333333,0.010833333333333334
1,30,10,279,27,9,ElectricalFaultDetection,4,3.1873886585235596,0.0011756420135498047,0.353618860244751,0.015,0.004166666666666667
1,30,10,280,28,0,ElectricalFaultDetection,4,2.8140926361083984,0.0010039806365966797,0.32686567306518555,0.014154870940882597,0.014154870940882597
1,30,10,281,28,1,ElectricalFaultDetection,4,2.713061571121216,0.001127481460571289,0.32544684410095215,0.005,0.0075
1,30,10,282,28,2,ElectricalFaultDetection,4,2.672870635986328,0.0010836124420166016,0.3499619960784912,0.010833333333333334,0.0125
1,30,10,283,28,3,ElectricalFaultDetection,4,3.659186601638794,0.0011174678802490234,0.3795490264892578,0.01,0.010833333333333334
1,30,10,284,28,4,ElectricalFaultDetection,4,2.8701303005218506,0.0011310577392578125,0.3460123538970947,0.004166666666666667,0.006666666666666667
1,30,10,285,28,5,ElectricalFaultDetection,4,3.0242908000946045,0.0011703968048095703,0.37244296073913574,0.010833333333333334,0.010833333333333334
1,30,10,286,28,6,ElectricalFaultDetection,4,2.9604780673980713,0.0010311603546142578,0.3534359931945801,0.004166666666666667,0.005833333333333334
1,30,10,287,28,7,ElectricalFaultDetection,4,3.5395753383636475,0.0010471343994140625,0.3662102222442627,0.005833333333333334,0.005
1,30,10,288,28,8,ElectricalFaultDetection,4,3.482914924621582,0.0011370182037353516,0.3914763927459717,0.004166666666666667,0.005833333333333334
1,30,10,289,28,9,ElectricalFaultDetection,4,2.679952621459961,0.0010886192321777344,0.29215312004089355,0.005,0.0033333333333333335
1,30,10,290,29,0,ElectricalFaultDetection,4,3.6214334964752197,0.0011222362518310547,0.39806437492370605,0.004995836802664446,0.0016652789342214821
1,30,10,291,29,1,ElectricalFaultDetection,4,3.1614415645599365,0.00119781494140625,0.3613419532775879,0.004166666666666667,0.005
1,30,10,292,29,2,ElectricalFaultDetection,4,2.816803216934204,0.0011830329895019531,0.34433603286743164,0.0025,0.0075
1,30,10,293,29,3,ElectricalFaultDetection,4,3.177424907684326,0.0010542869567871094,0.35828089714050293,0.009166666666666667,0.010833333333333334
1,30,10,294,29,4,ElectricalFaultDetection,4,2.5844550132751465,0.0010387897491455078,0.3092207908630371,0.011666666666666667,0.015
1,30,10,295,29,5,ElectricalFaultDetection,4,2.914862632751465,0.0010743141174316406,0.33530545234680176,0.009166666666666667,0.005833333333333334
1,30,10,296,29,6,ElectricalFaultDetection,4,3.1360952854156494,0.0011026859283447266,0.3486971855163574,0.01,0.0033333333333333335
1,30,10,297,29,7,ElectricalFaultDetection,4,3.3214194774627686,0.0011408329010009766,0.33831310272216797,0.004166666666666667,0.005
1,30,10,298,29,8,ElectricalFaultDetection,4,3.1027944087982178,0.001138448715209961,0.3531665802001953,0.005,0.0033333333333333335
1,30,10,299,29,9,ElectricalFaultDetection,4,3.5132832527160645,0.0011434555053710938,0.4013028144836426,0.0125,0.0033333333333333335
